DIALS 3.dev.1399-g5d3eb2eaa
The following parameters have been modified:

input {
  experiments = imported.expt
  reflections = strong.refl
}

Found max_cell: 94.4 Angstrom
Setting d_min: 1.84
FFT gridding: (256,256,256)
Number of centroids used: 94547
Candidate solutions:
+----------------------------------+----------+----------------+------------+-------------+-------------------+-----------+-----------------+-----------------+
| unit_cell                        |   volume |   volume score |   #indexed |   % indexed |   % indexed score |   rmsd_xy |   rmsd_xy score |   overall score |
|----------------------------------+----------+----------------+------------+-------------+-------------------+-----------+-----------------+-----------------|
| 40.57 40.76 69.67 91.8 91.9 98.5 |   113802 |           0.01 |      97056 |          98 |              0.01 |      0.07 |            0    |            0.02 |
| 40.57 40.69 69.61 91.9 91.9 98.4 |   113520 |           0    |      96791 |          98 |              0.02 |      0.07 |            0    |            0.02 |
| 40.69 40.81 69.67 92.1 91.9 98.2 |   114348 |           0.01 |      97693 |          99 |              0    |      0.07 |            0.02 |            0.04 |
| 40.67 40.71 69.67 91.9 91.9 98.1 |   114067 |           0.01 |      97943 |          99 |              0    |      0.08 |            0.03 |            0.04 |
| 40.71 40.94 69.67 91.8 91.9 98.3 |   114761 |           0.02 |      97041 |          98 |              0.01 |      0.07 |            0.01 |            0.04 |
| 40.64 40.88 69.67 91.8 92.0 98.1 |   114433 |           0.01 |      97201 |          98 |              0.01 |      0.07 |            0.02 |            0.05 |
| 40.71 40.75 69.59 91.9 91.8 98.2 |   114134 |           0.01 |      96927 |          98 |              0.02 |      0.08 |            0.02 |            0.05 |
| 40.69 40.73 69.61 91.9 91.9 98.2 |   114048 |           0.01 |      97158 |          98 |              0.01 |      0.08 |            0.03 |            0.05 |
| 40.69 40.77 69.67 92.0 91.9 98.2 |   114223 |           0.01 |      97782 |          99 |              0    |      0.08 |            0.04 |            0.05 |
| 40.71 40.75 69.67 91.9 91.9 98.2 |   114263 |           0.01 |      97891 |          99 |              0    |      0.08 |            0.04 |            0.05 |
| 40.69 40.71 69.61 91.9 92.0 98.1 |   113996 |           0.01 |      96838 |          98 |              0.02 |      0.08 |            0.03 |            0.05 |
| 40.49 40.76 69.67 91.8 91.8 98.3 |   113654 |           0    |      95648 |          97 |              0.03 |      0.07 |            0.02 |            0.05 |
| 40.69 40.78 69.61 91.6 91.9 98.2 |   114205 |           0.01 |      95594 |          96 |              0.04 |      0.07 |            0.01 |            0.06 |
| 40.69 40.78 69.63 91.8 91.9 98.2 |   114232 |           0.01 |      97300 |          98 |              0.01 |      0.08 |            0.04 |            0.06 |
| 40.69 40.71 69.67 91.9 91.9 98.1 |   114103 |           0.01 |      97769 |          99 |              0    |      0.08 |            0.05 |            0.06 |
| 40.69 40.90 69.61 91.8 91.9 98.1 |   114530 |           0.02 |      96099 |          97 |              0.03 |      0.07 |            0.02 |            0.06 |
| 40.64 40.69 69.63 92.0 91.9 98.0 |   113870 |           0.01 |      96429 |          97 |              0.02 |      0.08 |            0.03 |            0.06 |
| 40.65 40.85 69.67 91.9 91.9 98.1 |   114381 |           0.01 |      97470 |          98 |              0.01 |      0.08 |            0.04 |            0.06 |
| 40.69 40.71 69.65 91.8 92.1 98.1 |   114072 |           0.01 |      95912 |          97 |              0.03 |      0.08 |            0.02 |            0.06 |
| 40.69 40.78 69.67 91.9 91.9 98.2 |   114289 |           0.01 |      97735 |          99 |              0    |      0.08 |            0.05 |            0.06 |
| 40.71 40.76 69.67 91.8 91.9 98.4 |   114233 |           0.01 |      97389 |          98 |              0.01 |      0.08 |            0.05 |            0.06 |
| 40.66 40.69 69.60 92.0 91.9 98.0 |   113880 |           0.01 |      96140 |          97 |              0.03 |      0.08 |            0.03 |            0.07 |
| 40.70 40.79 69.57 92.0 91.9 98.1 |   114200 |           0.01 |      96531 |          97 |              0.02 |      0.08 |            0.03 |            0.07 |
| 40.69 40.71 69.61 91.8 91.9 98.1 |   114011 |           0.01 |      96503 |          97 |              0.02 |      0.08 |            0.04 |            0.07 |
| 40.69 40.70 69.67 91.9 91.9 98.1 |   114073 |           0.01 |      97591 |          98 |              0.01 |      0.08 |            0.05 |            0.07 |
| 40.71 40.75 69.58 91.9 91.9 98.2 |   114120 |           0.01 |      96940 |          98 |              0.01 |      0.08 |            0.04 |            0.07 |
| 40.69 40.78 69.67 91.7 91.9 98.2 |   114298 |           0.01 |      96985 |          98 |              0.01 |      0.08 |            0.04 |            0.07 |
| 40.69 40.71 69.54 91.9 91.9 98.1 |   113891 |           0.01 |      95976 |          97 |              0.03 |      0.08 |            0.03 |            0.07 |
| 40.71 40.81 69.67 91.8 91.9 98.2 |   114433 |           0.01 |      97252 |          98 |              0.01 |      0.08 |            0.04 |            0.07 |
| 40.57 40.69 69.61 91.9 91.8 98.2 |   113581 |           0    |      96179 |          97 |              0.03 |      0.08 |            0.04 |            0.07 |
| 40.71 40.75 69.63 92.1 91.8 98.2 |   114196 |           0.01 |      96793 |          98 |              0.02 |      0.08 |            0.04 |            0.07 |
| 40.64 40.82 69.58 92.0 92.0 98.2 |   114119 |           0.01 |      96882 |          98 |              0.02 |      0.08 |            0.05 |            0.07 |
| 40.71 40.74 69.54 92.0 91.9 98.0 |   114044 |           0.01 |      96096 |          97 |              0.03 |      0.08 |            0.04 |            0.07 |
| 40.69 40.78 69.61 91.7 91.9 98.2 |   114197 |           0.01 |      96456 |          97 |              0.02 |      0.08 |            0.04 |            0.07 |
| 40.69 40.71 69.54 91.9 92.0 98.2 |   113844 |           0.01 |      96187 |          97 |              0.03 |      0.08 |            0.04 |            0.08 |
| 40.76 40.81 69.67 92.1 91.8 98.4 |   114477 |           0.01 |      97236 |          98 |              0.01 |      0.08 |            0.05 |            0.08 |
| 40.71 40.72 69.61 91.9 91.8 98.2 |   114057 |           0.01 |      97160 |          98 |              0.01 |      0.08 |            0.06 |            0.08 |
| 40.57 40.74 69.54 92.0 91.7 98.1 |   113630 |           0    |      95124 |          96 |              0.04 |      0.08 |            0.03 |            0.08 |
| 40.72 40.76 69.67 91.8 92.0 98.1 |   114337 |           0.01 |      96891 |          98 |              0.02 |      0.08 |            0.05 |            0.08 |
| 40.61 40.69 69.61 91.9 91.9 98.1 |   113706 |           0    |      96398 |          97 |              0.02 |      0.08 |            0.05 |            0.08 |
| 40.69 40.78 69.68 91.7 92.1 98.2 |   114295 |           0.01 |      94335 |          95 |              0.05 |      0.07 |            0.02 |            0.08 |
| 40.69 40.72 69.61 91.8 91.9 97.8 |   114113 |           0.01 |      95856 |          97 |              0.03 |      0.08 |            0.05 |            0.09 |
| 40.69 40.72 69.56 92.0 91.9 98.3 |   113930 |           0.01 |      96672 |          98 |              0.02 |      0.08 |            0.06 |            0.09 |
| 40.69 40.78 69.52 91.9 91.9 98.2 |   114040 |           0.01 |      95933 |          97 |              0.03 |      0.08 |            0.05 |            0.09 |
| 40.52 40.69 69.67 91.9 91.9 97.8 |   113655 |           0    |      96165 |          97 |              0.03 |      0.08 |            0.06 |            0.1  |
| 40.71 40.75 69.54 92.0 91.9 98.2 |   114050 |           0.01 |      96188 |          97 |              0.03 |      0.08 |            0.06 |            0.1  |
| 40.71 40.75 69.63 92.0 91.9 98.2 |   114206 |           0.01 |      97453 |          98 |              0.01 |      0.08 |            0.09 |            0.1  |
| 40.69 40.78 69.58 91.9 91.9 98.2 |   114146 |           0.01 |      96828 |          98 |              0.02 |      0.08 |            0.12 |            0.14 |
| 40.81 41.02 69.67 91.6 92.1 98.5 |   115183 |           0.02 |      93744 |          95 |              0.06 |      0.08 |            0.11 |            0.2  |
| 40.37 40.76 69.67 91.8 91.6 98.3 |   113328 |           0    |      90262 |          91 |              0.12 |      0.08 |            0.19 |            0.31 |
+----------------------------------+----------+----------------+------------+-------------+-------------------+-----------+-----------------+-----------------+
Using d_min_step 0.1

Indexed crystal models:
model 1 (97056 reflections):
Crystal:
    Unit cell: 40.567, 40.760, 69.669, 91.778, 91.943, 98.463
    Space group: P 1
    U matrix:  {{ 0.841618,  0.536650,  0.060721},
                {-0.182862,  0.177362,  0.967008},
                { 0.508175, -0.824954,  0.247404}}
    B matrix:  {{ 0.024651,  0.000000,  0.000000},
                { 0.003668,  0.024804,  0.000000},
                { 0.000971,  0.000904,  0.014371}}
    A = UB:    {{ 0.022774,  0.013366,  0.000873},
                {-0.002919,  0.005274,  0.013897},
                { 0.009741, -0.020239,  0.003556}}
+------------+-------------+---------------+---------------+-------------+
|   Imageset |   # indexed |   # unindexed |   # unindexed |   % indexed |
|            |             |         total |       non-ice |             |
|------------+-------------+---------------+---------------+-------------|
|          0 |       97056 |          2029 |          1563 |          98 |
+------------+-------------+---------------+---------------+-------------+

################################################################################
Starting refinement (macro-cycle 1)
################################################################################


Summary statistics for 96701 observations matched to predictions:
+-------------------+--------+----------+----------+-----------+-------+
|                   |    Min |       Q1 |      Med |        Q3 |   Max |
|-------------------+--------+----------+----------+-----------+-------|
| Xc - Xo (mm)      | -2.487 |  -0.5688 | -0.09237 |    0.3731 | 1.997 |
| Yc - Yo (mm)      | -2.563 |  -0.5829 |  -0.2869 | -0.007452 | 4.035 |
| Phic - Phio (deg) | -3.635 | -0.08989 |   0.0216 |    0.1372 | 4.669 |
| X weights         |  245.9 |    388.2 |    398.8 |     403.7 | 405.6 |
| Y weights         |  211.5 |      374 |    393.4 |     402.5 | 405.6 |
| Phi weights       |  40.59 |    47.93 |       48 |        48 |    48 |
+-------------------+--------+----------+----------+-----------+-------+

Detecting centroid outliers using the Tukey algorithm
7237 reflections have been flagged as outliers
89464 reflections remain in the manager

Summary statistics for 89464 observations matched to predictions:
+-------------------+---------+----------+---------+----------+--------+
|                   |     Min |       Q1 |     Med |       Q3 |    Max |
|-------------------+---------+----------+---------+----------+--------|
| Xc - Xo (mm)      |  -2.232 |  -0.5527 | -0.0995 |   0.3616 |  1.997 |
| Yc - Yo (mm)      |  -1.625 |  -0.5842 | -0.2996 | -0.04293 |  1.016 |
| Phic - Phio (deg) | -0.5249 | -0.08781 | 0.01698 |    0.124 | 0.5662 |
| X weights         |   246.4 |    388.9 |   399.1 |    403.8 |  405.6 |
| Y weights         |   211.5 |    374.5 |   393.8 |    402.6 |  405.6 |
| Phi weights       |   40.59 |    47.95 |      48 |       48 |     48 |
+-------------------+---------+----------+---------+----------+--------+

There are 16 parameters to refine against 36000 reflections in 3 dimensions

Refinement steps:
+--------+--------+----------+----------+------------+
|   Step |   Nref |   RMSD_X |   RMSD_Y |   RMSD_Phi |
|        |        |     (mm) |     (mm) |      (deg) |
|--------+--------+----------+----------+------------|
|      0 |  36000 | 0.6789   | 0.53255  |    0.15652 |
|      1 |  36000 | 0.24932  | 0.26276  |    0.15022 |
|      2 |  36000 | 0.10636  | 0.13773  |    0.13691 |
|      3 |  36000 | 0.056622 | 0.062578 |    0.10997 |
|      4 |  36000 | 0.051364 | 0.052926 |    0.10462 |
|      5 |  36000 | 0.051099 | 0.052943 |    0.10458 |
|      6 |  36000 | 0.051088 | 0.052952 |    0.10458 |
|      7 |  36000 | 0.051088 | 0.052952 |    0.10458 |
+--------+--------+----------+----------+------------+
RMSD no longer decreasing

RMSDs by experiment:
+-------+--------+----------+----------+------------+
|   Exp |   Nref |   RMSD_X |   RMSD_Y |     RMSD_Z |
|    id |        |     (px) |     (px) |   (images) |
|-------+--------+----------+----------+------------|
|     0 |  36000 |  0.29702 |  0.30786 |    0.20917 |
+-------+--------+----------+----------+------------+

Refined crystal models:
model 1 (97056 reflections):
Crystal:
    Unit cell: 40.5456(8), 40.5534(8), 69.2877(13), 92.0144(4), 91.9766(4), 98.0812(4)
    Space group: P 1
    U matrix:  {{ 0.842884,  0.534298,  0.063819},
                {-0.184140,  0.174965,  0.967202},
                { 0.505608, -0.826991,  0.245861}}
    B matrix:  {{ 0.024664,  0.000000,  0.000000},
                { 0.003502,  0.024906,  0.000000},
                { 0.000994,  0.001008,  0.014453}}
    A = UB:    {{ 0.022723,  0.013372,  0.000922},
                {-0.002968,  0.005332,  0.013979},
                { 0.009818, -0.020349,  0.003553}}
+------------+-------------+---------------+---------------+-------------+
|   Imageset |   # indexed |   # unindexed |   # unindexed |   % indexed |
|            |             |         total |       non-ice |             |
|------------+-------------+---------------+---------------+-------------|
|          0 |       97056 |          2029 |          1563 |          98 |
+------------+-------------+---------------+---------------+-------------+
Increasing resolution to 1.70 Angstrom

Indexed crystal models:
model 1 (105639 reflections):
Crystal:
    Unit cell: 40.5456(8), 40.5534(8), 69.2877(13), 92.0144(4), 91.9766(4), 98.0812(4)
    Space group: P 1
    U matrix:  {{ 0.842884,  0.534298,  0.063819},
                {-0.184140,  0.174965,  0.967202},
                { 0.505608, -0.826991,  0.245861}}
    B matrix:  {{ 0.024664,  0.000000,  0.000000},
                { 0.003502,  0.024906,  0.000000},
                { 0.000994,  0.001008,  0.014453}}
    A = UB:    {{ 0.022723,  0.013372,  0.000922},
                {-0.002968,  0.005332,  0.013979},
                { 0.009818, -0.020349,  0.003553}}
+------------+-------------+---------------+---------------+-------------+
|   Imageset |   # indexed |   # unindexed |   # unindexed |   % indexed |
|            |             |         total |       non-ice |             |
|------------+-------------+---------------+---------------+-------------|
|          0 |      105848 |           431 |           366 |        99.6 |
+------------+-------------+---------------+---------------+-------------+

################################################################################
Starting refinement (macro-cycle 2)
################################################################################


Summary statistics for 105281 observations matched to predictions:
+-------------------+---------+----------+------------+---------+--------+
|                   |     Min |       Q1 |        Med |      Q3 |    Max |
|-------------------+---------+----------+------------+---------+--------|
| Xc - Xo (mm)      | -0.3872 | -0.03715 |  -0.003151 | 0.03167 | 0.3678 |
| Yc - Yo (mm)      | -0.9055 | -0.03122 | -0.0001547 | 0.03169 | 0.9764 |
| Phic - Phio (deg) |  -1.098 | -0.08155 |   0.001317 | 0.08361 | 0.9669 |
| X weights         |   241.2 |    384.7 |      397.6 |   403.4 |  405.6 |
| Y weights         |   173.8 |    369.2 |      391.1 |     402 |  405.6 |
| Phi weights       |   40.59 |    47.94 |         48 |      48 |     48 |
+-------------------+---------+----------+------------+---------+--------+

Detecting centroid outliers using the Tukey algorithm
5530 reflections have been flagged as outliers
99751 reflections remain in the manager

Summary statistics for 99751 observations matched to predictions:
+-------------------+---------+----------+------------+---------+--------+
|                   |     Min |       Q1 |        Med |      Q3 |    Max |
|-------------------+---------+----------+------------+---------+--------|
| Xc - Xo (mm)      | -0.1729 | -0.03635 |  -0.003496 | 0.03019 |  0.162 |
| Yc - Yo (mm)      | -0.1664 | -0.02973 | -0.0002873 | 0.02983 | 0.1935 |
| Phic - Phio (deg) | -0.3506 | -0.08067 |  0.0007001 | 0.08181 | 0.3582 |
| X weights         |   241.2 |    386.4 |      398.2 |   403.6 |  405.6 |
| Y weights         |   206.6 |    371.9 |      392.3 |   402.2 |  405.6 |
| Phi weights       |   40.76 |    47.94 |         48 |      48 |     48 |
+-------------------+---------+----------+------------+---------+--------+

There are 16 parameters to refine against 36000 reflections in 3 dimensions

Refinement steps:
+--------+--------+----------+----------+------------+
|   Step |   Nref |   RMSD_X |   RMSD_Y |   RMSD_Phi |
|        |        |     (mm) |     (mm) |      (deg) |
|--------+--------+----------+----------+------------|
|      0 |  36000 | 0.048904 | 0.047004 |    0.10593 |
|      1 |  36000 | 0.048644 | 0.046891 |    0.10558 |
|      2 |  36000 | 0.048608 | 0.046908 |    0.10552 |
|      3 |  36000 | 0.048598 | 0.046917 |    0.1055  |
|      4 |  36000 | 0.048596 | 0.046919 |    0.1055  |
+--------+--------+----------+----------+------------+
RMSD no longer decreasing

RMSDs by experiment:
+-------+--------+----------+----------+------------+
|   Exp |   Nref |   RMSD_X |   RMSD_Y |     RMSD_Z |
|    id |        |     (px) |     (px) |   (images) |
|-------+--------+----------+----------+------------|
|     0 |  36000 |  0.28253 |  0.27278 |      0.211 |
+-------+--------+----------+----------+------------+

Refined crystal models:
model 1 (105639 reflections):
Crystal:
    Unit cell: 40.5491(6), 40.5559(6), 69.2899(10), 92.0183(4), 91.9736(4), 98.0776(4)
    Space group: P 1
    U matrix:  {{ 0.842902,  0.534268,  0.063822},
                {-0.184115,  0.174934,  0.967212},
                { 0.505586, -0.827016,  0.245819}}
    B matrix:  {{ 0.024661,  0.000000,  0.000000},
                { 0.003500,  0.024904,  0.000000},
                { 0.000992,  0.001009,  0.014453}}
    A = UB:    {{ 0.022720,  0.013370,  0.000922},
                {-0.002969,  0.005333,  0.013979},
                { 0.009818, -0.020348,  0.003553}}
+------------+-------------+---------------+---------------+-------------+
|   Imageset |   # indexed |   # unindexed |   # unindexed |   % indexed |
|            |             |         total |       non-ice |             |
|------------+-------------+---------------+---------------+-------------|
|          0 |      105639 |           640 |           532 |        99.4 |
+------------+-------------+---------------+---------------+-------------+
Increasing resolution to 1.57 Angstrom

Indexed crystal models:
model 1 (109664 reflections):
Crystal:
    Unit cell: 40.5491(6), 40.5559(6), 69.2899(10), 92.0183(4), 91.9736(4), 98.0776(4)
    Space group: P 1
    U matrix:  {{ 0.842902,  0.534268,  0.063822},
                {-0.184115,  0.174934,  0.967212},
                { 0.505586, -0.827016,  0.245819}}
    B matrix:  {{ 0.024661,  0.000000,  0.000000},
                { 0.003500,  0.024904,  0.000000},
                { 0.000992,  0.001009,  0.014453}}
    A = UB:    {{ 0.022720,  0.013370,  0.000922},
                {-0.002969,  0.005333,  0.013979},
                { 0.009818, -0.020348,  0.003553}}
+------------+-------------+---------------+---------------+-------------+
|   Imageset |   # indexed |   # unindexed |   # unindexed |   % indexed |
|            |             |         total |       non-ice |             |
|------------+-------------+---------------+---------------+-------------|
|          0 |      109674 |           722 |           609 |        99.3 |
+------------+-------------+---------------+---------------+-------------+

################################################################################
Starting refinement (macro-cycle 3)
################################################################################


Summary statistics for 109289 observations matched to predictions:
+-------------------+---------+----------+------------+---------+--------+
|                   |     Min |       Q1 |        Med |      Q3 |    Max |
|-------------------+---------+----------+------------+---------+--------|
| Xc - Xo (mm)      | -0.3857 | -0.03609 |  -0.001334 |  0.0331 | 0.3619 |
| Yc - Yo (mm)      |  -1.202 | -0.03314 | -0.0008305 |  0.0316 |  1.496 |
| Phic - Phio (deg) |  -1.052 | -0.08187 |  0.0009273 | 0.08412 |  1.135 |
| X weights         |   210.4 |    382.7 |        397 |   403.3 |  405.6 |
| Y weights         |   173.8 |    366.5 |      389.9 |   401.7 |  405.6 |
| Phi weights       |   39.29 |    47.95 |         48 |      48 |     48 |
+-------------------+---------+----------+------------+---------+--------+

Detecting centroid outliers using the Tukey algorithm
5980 reflections have been flagged as outliers
103309 reflections remain in the manager

Summary statistics for 103309 observations matched to predictions:
+-------------------+---------+----------+------------+---------+--------+
|                   |     Min |       Q1 |        Med |      Q3 |    Max |
|-------------------+---------+----------+------------+---------+--------|
| Xc - Xo (mm)      | -0.1753 | -0.03502 |  -0.001402 | 0.03179 | 0.1659 |
| Yc - Yo (mm)      |  -0.173 | -0.03133 | -0.0008288 | 0.02984 | 0.1995 |
| Phic - Phio (deg) | -0.3661 | -0.08094 |  0.0004713 | 0.08242 | 0.3457 |
| X weights         |   210.9 |    384.7 |      397.7 |   403.4 |  405.6 |
| Y weights         |     204 |    369.5 |      391.3 |     402 |  405.6 |
| Phi weights       |   39.29 |    47.94 |         48 |      48 |     48 |
+-------------------+---------+----------+------------+---------+--------+

There are 16 parameters to refine against 36000 reflections in 3 dimensions

Refinement steps:
+--------+--------+----------+----------+------------+
|   Step |   Nref |   RMSD_X |   RMSD_Y |   RMSD_Phi |
|        |        |     (mm) |     (mm) |      (deg) |
|--------+--------+----------+----------+------------|
|      0 |  36000 | 0.04896  | 0.048335 |    0.10627 |
|      1 |  36000 | 0.048925 | 0.048264 |    0.10615 |
|      2 |  36000 | 0.048919 | 0.048237 |    0.10616 |
|      3 |  36000 | 0.048921 | 0.048222 |    0.10618 |
|      4 |  36000 | 0.048923 | 0.048219 |    0.10618 |
+--------+--------+----------+----------+------------+
RMSD no longer decreasing

RMSDs by experiment:
+-------+--------+----------+----------+------------+
|   Exp |   Nref |   RMSD_X |   RMSD_Y |     RMSD_Z |
|    id |        |     (px) |     (px) |   (images) |
|-------+--------+----------+----------+------------|
|     0 |  36000 |  0.28444 |  0.28034 |    0.21236 |
+-------+--------+----------+----------+------------+

Refined crystal models:
model 1 (109664 reflections):
Crystal:
    Unit cell: 40.5500(5), 40.5565(5), 69.2900(9), 92.0192(3), 91.9731(3), 98.0756(4)
    Space group: P 1
    U matrix:  {{ 0.842910,  0.534257,  0.063816},
                {-0.184101,  0.174927,  0.967216},
                { 0.505579, -0.827025,  0.245805}}
    B matrix:  {{ 0.024661,  0.000000,  0.000000},
                { 0.003499,  0.024904,  0.000000},
                { 0.000992,  0.001009,  0.014453}}
    A = UB:    {{ 0.022720,  0.013370,  0.000922},
                {-0.002968,  0.005333,  0.013979},
                { 0.009818, -0.020348,  0.003553}}
+------------+-------------+---------------+---------------+-------------+
|   Imageset |   # indexed |   # unindexed |   # unindexed |   % indexed |
|            |             |         total |       non-ice |             |
|------------+-------------+---------------+---------------+-------------|
|          0 |      109664 |           732 |           619 |        99.3 |
+------------+-------------+---------------+---------------+-------------+
Increasing resolution to 1.43 Angstrom

Indexed crystal models:
model 1 (111070 reflections):
Crystal:
    Unit cell: 40.5500(5), 40.5565(5), 69.2900(9), 92.0192(3), 91.9731(3), 98.0756(4)
    Space group: P 1
    U matrix:  {{ 0.842910,  0.534257,  0.063816},
                {-0.184101,  0.174927,  0.967216},
                { 0.505579, -0.827025,  0.245805}}
    B matrix:  {{ 0.024661,  0.000000,  0.000000},
                { 0.003499,  0.024904,  0.000000},
                { 0.000992,  0.001009,  0.014453}}
    A = UB:    {{ 0.022720,  0.013370,  0.000922},
                {-0.002968,  0.005333,  0.013979},
                { 0.009818, -0.020348,  0.003553}}
+------------+-------------+---------------+---------------+-------------+
|   Imageset |   # indexed |   # unindexed |   # unindexed |   % indexed |
|            |             |         total |       non-ice |             |
|------------+-------------+---------------+---------------+-------------|
|          0 |      111081 |           755 |           641 |        99.3 |
+------------+-------------+---------------+---------------+-------------+

################################################################################
Starting refinement (macro-cycle 4)
################################################################################


Summary statistics for 110691 observations matched to predictions:
+-------------------+--------+----------+------------+---------+--------+
|                   |    Min |       Q1 |        Med |      Q3 |    Max |
|-------------------+--------+----------+------------+---------+--------|
| Xc - Xo (mm)      | -1.938 |  -0.0358 | -0.0005585 | 0.03385 | 0.3621 |
| Yc - Yo (mm)      | -1.139 | -0.03288 | -0.0002335 | 0.03253 |  1.509 |
| Phic - Phio (deg) | -1.054 | -0.08176 |   0.001372 | 0.08471 |  1.147 |
| X weights         |  210.4 |    381.9 |      396.8 |   403.2 |  405.6 |
| Y weights         |  173.5 |    365.3 |      389.4 |   401.6 |  405.6 |
| Phi weights       |  39.29 |    47.95 |         48 |      48 |     48 |
+-------------------+--------+----------+------------+---------+--------+

Detecting centroid outliers using the Tukey algorithm
6118 reflections have been flagged as outliers
104573 reflections remain in the manager

Summary statistics for 104573 observations matched to predictions:
+-------------------+---------+----------+------------+---------+--------+
|                   |     Min |       Q1 |        Med |      Q3 |    Max |
|-------------------+---------+----------+------------+---------+--------|
| Xc - Xo (mm)      | -0.1744 | -0.03479 | -0.0006967 | 0.03248 | 0.1659 |
| Yc - Yo (mm)      | -0.1723 | -0.03094 | -0.0002347 | 0.03068 | 0.2011 |
| Phic - Phio (deg) | -0.3504 |  -0.0807 |  0.0009259 | 0.08309 | 0.3515 |
| X weights         |   210.9 |      384 |      397.6 |   403.4 |  405.6 |
| Y weights         |   191.7 |    368.6 |      390.9 |   401.9 |  405.6 |
| Phi weights       |   39.29 |    47.95 |         48 |      48 |     48 |
+-------------------+---------+----------+------------+---------+--------+

There are 16 parameters to refine against 36000 reflections in 3 dimensions

Refinement steps:
+--------+--------+----------+----------+------------+
|   Step |   Nref |   RMSD_X |   RMSD_Y |   RMSD_Phi |
|        |        |     (mm) |     (mm) |      (deg) |
|--------+--------+----------+----------+------------|
|      0 |  36000 | 0.049346 | 0.048752 |    0.10663 |
|      1 |  36000 | 0.049345 | 0.048728 |    0.10659 |
|      2 |  36000 | 0.049346 | 0.048716 |    0.10659 |
|      3 |  36000 | 0.049348 | 0.048709 |    0.1066  |
|      4 |  36000 | 0.049349 | 0.048707 |    0.1066  |
+--------+--------+----------+----------+------------+
RMSD no longer decreasing

RMSDs by experiment:
+-------+--------+----------+----------+------------+
|   Exp |   Nref |   RMSD_X |   RMSD_Y |     RMSD_Z |
|    id |        |     (px) |     (px) |   (images) |
|-------+--------+----------+----------+------------|
|     0 |  36000 |  0.28691 |  0.28318 |    0.21321 |
+-------+--------+----------+----------+------------+

Refined crystal models:
model 1 (111070 reflections):
Crystal:
    Unit cell: 40.5508(5), 40.5576(5), 69.2906(8), 92.0192(3), 91.9721(3), 98.0758(4)
    Space group: P 1
    U matrix:  {{ 0.842910,  0.534257,  0.063809},
                {-0.184094,  0.174930,  0.967217},
                { 0.505581, -0.827024,  0.245804}}
    B matrix:  {{ 0.024660,  0.000000,  0.000000},
                { 0.003499,  0.024903,  0.000000},
                { 0.000992,  0.001009,  0.014452}}
    A = UB:    {{ 0.022719,  0.013369,  0.000922},
                {-0.002969,  0.005332,  0.013979},
                { 0.009818, -0.020347,  0.003552}}
+------------+-------------+---------------+---------------+-------------+
|   Imageset |   # indexed |   # unindexed |   # unindexed |   % indexed |
|            |             |         total |       non-ice |             |
|------------+-------------+---------------+---------------+-------------|
|          0 |      111070 |           766 |           651 |        99.3 |
+------------+-------------+---------------+---------------+-------------+
Increasing resolution to 1.29 Angstrom

Indexed crystal models:
model 1 (111252 reflections):
Crystal:
    Unit cell: 40.5508(5), 40.5576(5), 69.2906(8), 92.0192(3), 91.9721(3), 98.0758(4)
    Space group: P 1
    U matrix:  {{ 0.842910,  0.534257,  0.063809},
                {-0.184094,  0.174930,  0.967217},
                { 0.505581, -0.827024,  0.245804}}
    B matrix:  {{ 0.024660,  0.000000,  0.000000},
                { 0.003499,  0.024903,  0.000000},
                { 0.000992,  0.001009,  0.014452}}
    A = UB:    {{ 0.022719,  0.013369,  0.000922},
                {-0.002969,  0.005332,  0.013979},
                { 0.009818, -0.020347,  0.003552}}
+------------+-------------+---------------+---------------+-------------+
|   Imageset |   # indexed |   # unindexed |   # unindexed |   % indexed |
|            |             |         total |       non-ice |             |
|------------+-------------+---------------+---------------+-------------|
|          0 |      111265 |           756 |           642 |        99.3 |
+------------+-------------+---------------+---------------+-------------+

################################################################################
Starting refinement (macro-cycle 5)
################################################################################


Summary statistics for 110874 observations matched to predictions:
+-------------------+--------+----------+------------+---------+--------+
|                   |    Min |       Q1 |        Med |      Q3 |    Max |
|-------------------+--------+----------+------------+---------+--------|
| Xc - Xo (mm)      | -1.936 | -0.03546 | -5.793e-05 | 0.03441 | 0.3642 |
| Yc - Yo (mm)      | -1.105 | -0.03305 | -0.0002103 | 0.03258 |  1.504 |
| Phic - Phio (deg) |  -1.06 | -0.08184 |   0.001222 | 0.08479 |  1.144 |
| X weights         |  210.4 |    381.8 |      396.8 |   403.2 |  405.6 |
| Y weights         |  143.8 |    365.2 |      389.4 |   401.6 |  405.6 |
| Phi weights       |  39.29 |    47.95 |         48 |      48 |     48 |
+-------------------+--------+----------+------------+---------+--------+

Detecting centroid outliers using the Tukey algorithm
6119 reflections have been flagged as outliers
104755 reflections remain in the manager

Summary statistics for 104755 observations matched to predictions:
+-------------------+---------+----------+------------+---------+--------+
|                   |     Min |       Q1 |        Med |      Q3 |    Max |
|-------------------+---------+----------+------------+---------+--------|
| Xc - Xo (mm)      | -0.1728 |  -0.0345 |  -0.000241 | 0.03305 | 0.1644 |
| Yc - Yo (mm)      | -0.1713 | -0.03113 | -0.0002322 |  0.0306 | 0.2007 |
| Phic - Phio (deg) | -0.3465 | -0.08074 |  0.0008338 | 0.08306 | 0.3513 |
| X weights         |   210.9 |    383.9 |      397.5 |   403.4 |  405.6 |
| Y weights         |   143.8 |    368.5 |      390.9 |   401.9 |  405.6 |
| Phi weights       |   39.29 |    47.95 |         48 |      48 |     48 |
+-------------------+---------+----------+------------+---------+--------+

There are 16 parameters to refine against 36000 reflections in 3 dimensions

Refinement steps:
+--------+--------+----------+----------+------------+
|   Step |   Nref |   RMSD_X |   RMSD_Y |   RMSD_Phi |
|        |        |     (mm) |     (mm) |      (deg) |
|--------+--------+----------+----------+------------|
|      0 |  36000 | 0.049652 | 0.049203 |    0.10673 |
|      1 |  36000 | 0.049613 | 0.049223 |    0.10673 |
|      2 |  36000 | 0.049602 | 0.049229 |    0.10674 |
|      3 |  36000 | 0.049601 | 0.049228 |    0.10674 |
+--------+--------+----------+----------+------------+
RMSD no longer decreasing

RMSDs by experiment:
+-------+--------+----------+----------+------------+
|   Exp |   Nref |   RMSD_X |   RMSD_Y |     RMSD_Z |
|    id |        |     (px) |     (px) |   (images) |
|-------+--------+----------+----------+------------|
|     0 |  36000 |  0.28838 |  0.28621 |    0.21348 |
+-------+--------+----------+----------+------------+

Refined crystal models:
model 1 (111252 reflections):
Crystal:
    Unit cell: 40.5513(5), 40.5578(5), 69.2911(8), 92.0192(3), 91.9720(3), 98.0758(4)
    Space group: P 1
    U matrix:  {{ 0.842910,  0.534258,  0.063805},
                {-0.184092,  0.174934,  0.967217},
                { 0.505582, -0.827023,  0.245806}}
    B matrix:  {{ 0.024660,  0.000000,  0.000000},
                { 0.003499,  0.024903,  0.000000},
                { 0.000992,  0.001009,  0.014452}}
    A = UB:    {{ 0.022719,  0.013369,  0.000922},
                {-0.002969,  0.005333,  0.013978},
                { 0.009818, -0.020347,  0.003552}}
+------------+-------------+---------------+---------------+-------------+
|   Imageset |   # indexed |   # unindexed |   # unindexed |   % indexed |
|            |             |         total |       non-ice |             |
|------------+-------------+---------------+---------------+-------------|
|          0 |      111252 |           769 |           654 |        99.3 |
+------------+-------------+---------------+---------------+-------------+
Saving refined experiments to indexed.expt
Saving refined reflections to indexed.refl
