DIALS 3.dev.1328-gc3b7b6892
The following parameters have been modified:

input {
  experiments = imported.expt
  reflections = strong.refl
}

Found max_cell: 73.7 Angstrom
Setting d_min: 1.56
FFT gridding: (256,256,256)
Number of centroids used: 21568
Candidate solutions:
+------------------------------------+----------+----------------+------------+-------------+-------------------+-----------+-----------------+-----------------+
| unit_cell                          |   volume |   volume score |   #indexed |   % indexed |   % indexed score |   rmsd_xy |   rmsd_xy score |   overall score |
|------------------------------------+----------+----------------+------------+-------------+-------------------+-----------+-----------------+-----------------|
| 44.60 53.36 62.55 115.2 101.8 90.1 |   131183 |           0.01 |      21695 |          96 |              0.01 |      0.13 |            0    |            0.01 |
| 44.74 53.39 62.63 115.1 102.0 90.2 |   131784 |           0.01 |      21755 |          97 |              0    |      0.14 |            0.03 |            0.04 |
| 44.60 53.25 62.49 115.0 101.8 90.2 |   130947 |           0    |      21641 |          96 |              0.01 |      0.14 |            0.04 |            0.05 |
| 44.60 53.25 62.49 115.1 101.8 90.2 |   130920 |           0    |      21612 |          96 |              0.01 |      0.14 |            0.05 |            0.07 |
| 44.54 53.34 62.54 115.1 101.8 90.2 |   130988 |           0    |      21553 |          96 |              0.01 |      0.14 |            0.05 |            0.07 |
| 44.60 53.17 62.49 115.0 101.8 90.2 |   130748 |           0    |      21623 |          96 |              0.01 |      0.14 |            0.07 |            0.08 |
| 44.71 53.41 62.57 64.8 78.1 89.8   |   131687 |           0.01 |      21729 |          97 |              0    |      0.14 |            0.08 |            0.09 |
| 44.60 53.29 62.49 114.9 101.8 90.2 |   131181 |           0.01 |      21691 |          96 |              0.01 |      0.14 |            0.09 |            0.1  |
| 44.60 53.25 62.71 115.1 101.8 90.2 |   131302 |           0.01 |      21639 |          96 |              0.01 |      0.14 |            0.08 |            0.1  |
| 44.65 53.41 62.55 64.8 78.1 89.9   |   131526 |           0.01 |      21723 |          97 |              0    |      0.14 |            0.09 |            0.1  |
| 44.71 53.41 62.71 64.9 78.1 89.8   |   132067 |           0.01 |      21699 |          96 |              0.01 |      0.14 |            0.08 |            0.1  |
| 44.60 53.25 62.58 115.0 101.7 90.2 |   131244 |           0.01 |      21549 |          96 |              0.02 |      0.14 |            0.09 |            0.11 |
| 44.60 53.41 62.49 115.1 101.8 90.0 |   131356 |           0.01 |      21688 |          96 |              0.01 |      0.14 |            0.11 |            0.12 |
| 44.74 53.40 62.62 115.1 102.0 90.1 |   131757 |           0.01 |      21740 |          97 |              0    |      0.14 |            0.11 |            0.12 |
| 44.60 53.25 62.47 115.1 101.8 90.2 |   130878 |           0    |      21683 |          96 |              0.01 |      0.14 |            0.12 |            0.13 |
| 44.65 53.40 62.53 115.2 101.6 90.2 |   131503 |           0.01 |      21685 |          96 |              0.01 |      0.14 |            0.11 |            0.13 |
| 44.61 53.34 62.45 115.1 101.7 90.1 |   131143 |           0    |      21719 |          97 |              0    |      0.14 |            0.12 |            0.13 |
| 44.68 53.40 62.62 115.1 102.0 90.1 |   131574 |           0.01 |      21733 |          97 |              0    |      0.15 |            0.13 |            0.14 |
| 44.59 53.29 62.39 115.0 101.6 90.1 |   130961 |           0    |      21733 |          97 |              0    |      0.15 |            0.14 |            0.15 |
| 44.60 53.43 62.71 114.9 101.8 90.2 |   131909 |           0.01 |      21694 |          96 |              0.01 |      0.15 |            0.13 |            0.15 |
| 44.46 53.41 62.34 115.1 101.5 90.0 |   130722 |           0    |      21697 |          96 |              0.01 |      0.15 |            0.15 |            0.15 |
| 44.66 53.34 62.71 64.9 78.1 90.0   |   131699 |           0.01 |      21667 |          96 |              0.01 |      0.15 |            0.14 |            0.15 |
| 44.60 53.43 62.53 115.0 101.7 90.2 |   131505 |           0.01 |      21716 |          97 |              0    |      0.15 |            0.15 |            0.16 |
| 44.60 53.41 62.67 115.1 101.8 90.0 |   131632 |           0.01 |      21691 |          96 |              0.01 |      0.15 |            0.15 |            0.17 |
| 44.60 53.40 62.62 64.9 78.1 89.9   |   131446 |           0.01 |      21757 |          97 |              0    |      0.15 |            0.16 |            0.17 |
| 44.74 53.41 62.71 64.9 77.9 89.9   |   132024 |           0.01 |      21667 |          96 |              0.01 |      0.15 |            0.15 |            0.17 |
| 44.60 53.41 62.55 115.2 101.8 90.0 |   131356 |           0.01 |      21719 |          97 |              0    |      0.15 |            0.16 |            0.17 |
| 44.58 53.29 62.53 65.0 78.2 90.0   |   131102 |           0    |      21715 |          97 |              0    |      0.15 |            0.17 |            0.18 |
| 44.60 53.43 62.49 114.9 101.8 90.2 |   131553 |           0.01 |      21703 |          96 |              0    |      0.15 |            0.18 |            0.19 |
| 44.65 53.29 62.37 115.0 101.7 90.1 |   131075 |           0    |      21743 |          97 |              0    |      0.15 |            0.19 |            0.2  |
| 44.60 53.43 62.41 115.1 101.8 90.2 |   131138 |           0    |      21742 |          97 |              0    |      0.15 |            0.19 |            0.2  |
| 44.59 53.41 62.64 64.8 78.2 90.0   |   131525 |           0.01 |      21718 |          97 |              0    |      0.15 |            0.19 |            0.2  |
| 44.46 53.41 62.53 115.2 101.6 90.0 |   130998 |           0    |      21710 |          97 |              0    |      0.15 |            0.2  |            0.2  |
| 44.71 53.41 62.56 64.8 78.0 89.8   |   131618 |           0.01 |      21727 |          97 |              0    |      0.15 |            0.2  |            0.21 |
| 44.71 53.41 62.70 115.2 101.9 90.2 |   131964 |           0.01 |      21776 |          97 |              0    |      0.15 |            0.2  |            0.21 |
| 44.60 53.41 62.60 64.8 78.1 90.0   |   131338 |           0.01 |      21774 |          97 |              0    |      0.15 |            0.21 |            0.22 |
| 44.74 53.29 62.71 114.8 102.1 90.1 |   132052 |           0.01 |      21698 |          96 |              0.01 |      0.15 |            0.2  |            0.22 |
| 44.54 53.41 62.56 64.8 78.0 89.9   |   131086 |           0    |      21726 |          97 |              0    |      0.15 |            0.22 |            0.23 |
| 44.74 53.29 62.71 65.0 77.9 90.0   |   131849 |           0.01 |      21684 |          96 |              0.01 |      0.15 |            0.22 |            0.24 |
| 44.77 53.41 62.56 64.8 78.1 89.8   |   131801 |           0.01 |      21726 |          97 |              0    |      0.15 |            0.23 |            0.24 |
| 44.46 53.41 62.71 115.1 101.7 90.0 |   131402 |           0.01 |      21683 |          96 |              0.01 |      0.16 |            0.24 |            0.26 |
| 44.60 53.41 62.56 115.2 101.9 90.0 |   131265 |           0.01 |      21728 |          97 |              0    |      0.16 |            0.26 |            0.27 |
| 44.61 53.41 62.71 115.1 101.9 90.0 |   131747 |           0.01 |      21675 |          96 |              0.01 |      0.16 |            0.25 |            0.27 |
| 44.60 53.41 62.71 115.1 101.8 90.0 |   131712 |           0.01 |      21680 |          96 |              0.01 |      0.16 |            0.25 |            0.27 |
| 44.65 53.28 62.36 115.0 101.7 90.1 |   131032 |           0    |      21741 |          97 |              0    |      0.16 |            0.28 |            0.28 |
| 44.60 53.43 62.71 115.2 101.8 90.0 |   131708 |           0.01 |      21669 |          96 |              0.01 |      0.16 |            0.26 |            0.28 |
| 44.65 53.41 62.56 64.8 78.3 90.0   |   131525 |           0.01 |      21730 |          97 |              0    |      0.16 |            0.29 |            0.3  |
| 44.46 53.41 62.56 115.2 101.8 90.0 |   130957 |           0    |      21728 |          97 |              0    |      0.16 |            0.29 |            0.3  |
| 44.49 53.40 62.62 64.9 78.5 90.0   |   131363 |           0.01 |      21755 |          97 |              0    |      0.16 |            0.3  |            0.31 |
| 44.65 53.40 62.62 64.9 78.3 90.0   |   131706 |           0.01 |      21764 |          97 |              0    |      0.16 |            0.3  |            0.31 |
+------------------------------------+----------+----------------+------------+-------------+-------------------+-----------+-----------------+-----------------+
Using d_min_step 0.0

Indexed crystal models:
model 1 (21695 reflections):
Crystal:
    Unit cell: 44.595, 53.361, 62.547, 115.167, 101.816, 90.135
    Space group: P 1
    U matrix:  {{-0.898222, -0.414586,  0.145996},
                {-0.296861,  0.817158,  0.494092},
                {-0.324146,  0.400464, -0.857064}}
    B matrix:  {{ 0.022424,  0.000000,  0.000000},
                { 0.000053,  0.018740,  0.000000},
                { 0.005235,  0.009052,  0.018140}}
    A = UB:    {{-0.019399, -0.006448,  0.002648},
                {-0.004027,  0.019786,  0.008963},
                {-0.011734, -0.000254, -0.015547}}
+------------+-------------+---------------+---------------+-------------+
|   Imageset |   # indexed |   # unindexed |   # unindexed |   % indexed |
|            |             |         total |       non-ice |             |
|------------+-------------+---------------+---------------+-------------|
|          0 |       21695 |           796 |           708 |        96.5 |
+------------+-------------+---------------+---------------+-------------+

################################################################################
Starting refinement (macro-cycle 1)
################################################################################


Summary statistics for 21640 observations matched to predictions:
+-------------------+--------+---------+---------+---------+--------+
|                   |    Min |      Q1 |     Med |      Q3 |    Max |
|-------------------+--------+---------+---------+---------+--------|
| Xc - Xo (mm)      | -1.192 |  -0.436 |   -0.38 | -0.3253 | 0.5261 |
| Yc - Yo (mm)      | -1.764 | -0.3128 | -0.2271 | -0.1394 |  1.674 |
| Phic - Phio (deg) | -8.356 | -0.1271 | 0.01407 |  0.1253 |  8.607 |
| X weights         |  212.3 |   360.2 |   383.5 |   397.1 |  405.6 |
| Y weights         |  199.2 |   349.1 |   376.4 |   394.2 |  405.6 |
| Phi weights       |  31.78 |   47.24 |   47.78 |      48 |     48 |
+-------------------+--------+---------+---------+---------+--------+

Detecting centroid outliers using the Tukey algorithm
2388 reflections have been flagged as outliers
19252 reflections remain in the manager

Summary statistics for 19252 observations matched to predictions:
+-------------------+---------+---------+---------+---------+--------+
|                   |     Min |      Q1 |     Med |      Q3 |    Max |
|-------------------+---------+---------+---------+---------+--------|
| Xc - Xo (mm)      |  -1.192 | -0.4321 |   -0.38 | -0.3287 |  0.381 |
| Yc - Yo (mm)      | -0.8454 | -0.3037 | -0.2259 | -0.1442 | 0.4329 |
| Phic - Phio (deg) | -0.7886 | -0.1151 | 0.01473 |  0.1167 | 0.8122 |
| X weights         |   224.2 |   364.4 |   385.4 |   397.6 |  405.6 |
| Y weights         |   199.2 |   354.8 |   379.5 |   395.2 |  405.6 |
| Phi weights       |   37.24 |   47.24 |   47.74 |      48 |     48 |
+-------------------+---------+---------+---------+---------+--------+

There are 16 parameters to refine against 19252 reflections in 3 dimensions

Refinement steps:
+--------+--------+----------+----------+------------+
|   Step |   Nref |   RMSD_X |   RMSD_Y |   RMSD_Phi |
|        |        |     (mm) |     (mm) |      (deg) |
|--------+--------+----------+----------+------------|
|      0 |  19252 | 0.41293  | 0.26269  |    0.21238 |
|      1 |  19252 | 0.11689  | 0.10407  |    0.21695 |
|      2 |  19252 | 0.093959 | 0.096655 |    0.2231  |
|      3 |  19252 | 0.087994 | 0.095296 |    0.22861 |
|      4 |  19252 | 0.087102 | 0.095106 |    0.22963 |
|      5 |  19252 | 0.087055 | 0.095109 |    0.22965 |
|      6 |  19252 | 0.087057 | 0.095111 |    0.22964 |
+--------+--------+----------+----------+------------+
RMSD no longer decreasing

RMSDs by experiment:
+-------+--------+----------+----------+------------+
|   Exp |   Nref |   RMSD_X |   RMSD_Y |     RMSD_Z |
|    id |        |     (px) |     (px) |   (images) |
|-------+--------+----------+----------+------------|
|     0 |  19252 |  0.50615 |  0.55297 |    0.45929 |
+-------+--------+----------+----------+------------+

Refined crystal models:
model 1 (21695 reflections):
Crystal:
    Unit cell: 44.479(5), 53.249(6), 62.503(7), 115.1901(12), 101.7852(11), 90.0042(11)
    Space group: P 1
    U matrix:  {{-0.899519, -0.411545,  0.146614},
                {-0.293885,  0.818319,  0.493950},
                {-0.323260,  0.401229, -0.857040}}
    B matrix:  {{ 0.022482,  0.000000,  0.000000},
                { 0.000002,  0.018780,  0.000000},
                { 0.005210,  0.009068,  0.018149}}
    A = UB:    {{-0.019460, -0.006399,  0.002661},
                {-0.004033,  0.019847,  0.008965},
                {-0.011732, -0.000236, -0.015555}}
+------------+-------------+---------------+---------------+-------------+
|   Imageset |   # indexed |   # unindexed |   # unindexed |   % indexed |
|            |             |         total |       non-ice |             |
|------------+-------------+---------------+---------------+-------------|
|          0 |       21695 |           796 |           708 |        96.5 |
+------------+-------------+---------------+---------------+-------------+

Indexed crystal models:
model 1 (21767 reflections):
Crystal:
    Unit cell: 44.479(5), 53.249(6), 62.503(7), 115.1901(12), 101.7852(11), 90.0042(11)
    Space group: P 1
    U matrix:  {{-0.899519, -0.411545,  0.146614},
                {-0.293885,  0.818319,  0.493950},
                {-0.323260,  0.401229, -0.857040}}
    B matrix:  {{ 0.022482,  0.000000,  0.000000},
                { 0.000002,  0.018780,  0.000000},
                { 0.005210,  0.009068,  0.018149}}
    A = UB:    {{-0.019460, -0.006399,  0.002661},
                {-0.004033,  0.019847,  0.008965},
                {-0.011732, -0.000236, -0.015555}}
+------------+-------------+---------------+---------------+-------------+
|   Imageset |   # indexed |   # unindexed |   # unindexed |   % indexed |
|            |             |         total |       non-ice |             |
|------------+-------------+---------------+---------------+-------------|
|          0 |       21902 |           589 |           512 |        97.4 |
+------------+-------------+---------------+---------------+-------------+

################################################################################
Starting refinement (macro-cycle 2)
################################################################################


Summary statistics for 21712 observations matched to predictions:
+-------------------+--------+----------+------------+---------+--------+
|                   |    Min |       Q1 |        Med |      Q3 |    Max |
|-------------------+--------+----------+------------+---------+--------|
| Xc - Xo (mm)      | -0.788 | -0.04762 |   0.001191 | 0.04832 | 0.5832 |
| Yc - Yo (mm)      | -1.701 | -0.04956 | -0.0002726 | 0.04513 |  3.318 |
| Phic - Phio (deg) | -7.993 | -0.09028 |    0.05623 |  0.1478 |   7.67 |
| X weights         |  224.2 |    360.1 |      383.5 |   397.1 |  405.6 |
| Y weights         |  199.2 |    349.1 |      376.3 |   394.1 |  405.6 |
| Phi weights       |  33.79 |    47.24 |      47.78 |      48 |     48 |
+-------------------+--------+----------+------------+---------+--------+

Detecting centroid outliers using the Tukey algorithm
2747 reflections have been flagged as outliers
18965 reflections remain in the manager

Summary statistics for 18965 observations matched to predictions:
+-------------------+---------+----------+----------+---------+--------+
|                   |     Min |       Q1 |      Med |      Q3 |    Max |
|-------------------+---------+----------+----------+---------+--------|
| Xc - Xo (mm)      | -0.3448 | -0.04196 | 0.003587 | 0.04835 | 0.3273 |
| Yc - Yo (mm)      | -0.3992 | -0.03924 | 0.001483 | 0.04152 | 0.4155 |
| Phic - Phio (deg) | -0.9095 | -0.06754 |  0.05941 |  0.1417 | 0.6436 |
| X weights         |   224.2 |      364 |    385.4 |   397.6 |  405.6 |
| Y weights         |   199.2 |    355.2 |    379.7 |   395.3 |  405.6 |
| Phi weights       |   38.65 |    47.26 |    47.75 |      48 |     48 |
+-------------------+---------+----------+----------+---------+--------+

There are 16 parameters to refine against 18965 reflections in 3 dimensions

Refinement steps:
+--------+--------+----------+----------+------------+
|   Step |   Nref |   RMSD_X |   RMSD_Y |   RMSD_Phi |
|        |        |     (mm) |     (mm) |      (deg) |
|--------+--------+----------+----------+------------|
|      0 |  18965 | 0.080671 | 0.083782 |    0.21438 |
|      1 |  18965 | 0.079679 | 0.082388 |    0.21724 |
|      2 |  18965 | 0.078936 | 0.08237  |    0.21803 |
|      3 |  18965 | 0.078591 | 0.082399 |    0.21846 |
|      4 |  18965 | 0.078517 | 0.082426 |    0.21853 |
|      5 |  18965 | 0.078511 | 0.082435 |    0.21852 |
|      6 |  18965 | 0.078511 | 0.082435 |    0.21852 |
+--------+--------+----------+----------+------------+
RMSD no longer decreasing

RMSDs by experiment:
+-------+--------+----------+----------+------------+
|   Exp |   Nref |   RMSD_X |   RMSD_Y |     RMSD_Z |
|    id |        |     (px) |     (px) |   (images) |
|-------+--------+----------+----------+------------|
|     0 |  18965 |  0.45646 |  0.47927 |    0.43705 |
+-------+--------+----------+----------+------------+

Refined crystal models:
model 1 (21767 reflections):
Crystal:
    Unit cell: 44.444(5), 53.202(6), 62.452(7), 115.1861(11), 101.7810(10), 90.0081(10)
    Space group: P 1
    U matrix:  {{-0.899655, -0.411303,  0.146459},
                {-0.293706,  0.818344,  0.494014},
                {-0.323043,  0.401426, -0.857030}}
    B matrix:  {{ 0.022500,  0.000000,  0.000000},
                { 0.000003,  0.018796,  0.000000},
                { 0.005213,  0.009074,  0.018163}}
    A = UB:    {{-0.019481, -0.006402,  0.002660},
                {-0.004031,  0.019865,  0.008973},
                {-0.011735, -0.000231, -0.015566}}
+------------+-------------+---------------+---------------+-------------+
|   Imageset |   # indexed |   # unindexed |   # unindexed |   % indexed |
|            |             |         total |       non-ice |             |
|------------+-------------+---------------+---------------+-------------|
|          0 |       21767 |           724 |           634 |        96.8 |
+------------+-------------+---------------+---------------+-------------+

Indexed crystal models:
model 1 (21765 reflections):
Crystal:
    Unit cell: 44.444(5), 53.202(6), 62.452(7), 115.1861(11), 101.7810(10), 90.0081(10)
    Space group: P 1
    U matrix:  {{-0.899655, -0.411303,  0.146459},
                {-0.293706,  0.818344,  0.494014},
                {-0.323043,  0.401426, -0.857030}}
    B matrix:  {{ 0.022500,  0.000000,  0.000000},
                { 0.000003,  0.018796,  0.000000},
                { 0.005213,  0.009074,  0.018163}}
    A = UB:    {{-0.019481, -0.006402,  0.002660},
                {-0.004031,  0.019865,  0.008973},
                {-0.011735, -0.000231, -0.015566}}
+------------+-------------+---------------+---------------+-------------+
|   Imageset |   # indexed |   # unindexed |   # unindexed |   % indexed |
|            |             |         total |       non-ice |             |
|------------+-------------+---------------+---------------+-------------|
|          0 |       21793 |           698 |           613 |        96.9 |
+------------+-------------+---------------+---------------+-------------+

################################################################################
Starting refinement (macro-cycle 3)
################################################################################


Summary statistics for 21710 observations matched to predictions:
+-------------------+---------+----------+-----------+---------+--------+
|                   |     Min |       Q1 |       Med |      Q3 |    Max |
|-------------------+---------+----------+-----------+---------+--------|
| Xc - Xo (mm)      | -0.7938 | -0.04601 |  0.001013 | 0.04621 | 0.6398 |
| Yc - Yo (mm)      |  -1.704 | -0.05073 | -0.001444 | 0.04437 |  3.268 |
| Phic - Phio (deg) |  -8.001 |  -0.1013 |    0.0515 |  0.1469 |  7.494 |
| X weights         |   224.2 |    360.1 |     383.4 |   397.1 |  405.6 |
| Y weights         |   199.2 |    349.1 |     376.3 |   394.1 |  405.6 |
| Phi weights       |   33.79 |    47.24 |     47.78 |      48 |     48 |
+-------------------+---------+----------+-----------+---------+--------+

Detecting centroid outliers using the Tukey algorithm
2823 reflections have been flagged as outliers
18887 reflections remain in the manager

Summary statistics for 18887 observations matched to predictions:
+-------------------+---------+----------+-----------+---------+--------+
|                   |     Min |       Q1 |       Med |      Q3 |    Max |
|-------------------+---------+----------+-----------+---------+--------|
| Xc - Xo (mm)      | -0.3346 | -0.04068 |  0.002551 | 0.04559 | 0.3102 |
| Yc - Yo (mm)      | -0.3945 | -0.04045 | 0.0001806 | 0.04093 | 0.4199 |
| Phic - Phio (deg) | -0.9259 | -0.07615 |   0.05538 |  0.1399 | 0.5948 |
| X weights         |   224.2 |    364.1 |     385.4 |   397.6 |  405.6 |
| Y weights         |   199.2 |    355.4 |     379.8 |   395.3 |  405.6 |
| Phi weights       |   38.65 |    47.26 |     47.75 |      48 |     48 |
+-------------------+---------+----------+-----------+---------+--------+

There are 16 parameters to refine against 18887 reflections in 3 dimensions

Refinement steps:
+--------+--------+----------+----------+------------+
|   Step |   Nref |   RMSD_X |   RMSD_Y |   RMSD_Phi |
|        |        |     (mm) |     (mm) |      (deg) |
|--------+--------+----------+----------+------------|
|      0 |  18887 | 0.077605 | 0.081945 |    0.21645 |
|      1 |  18887 | 0.077382 | 0.081447 |    0.21791 |
|      2 |  18887 | 0.077184 | 0.081468 |    0.21817 |
|      3 |  18887 | 0.077075 | 0.081498 |    0.21829 |
|      4 |  18887 | 0.077046 | 0.08152  |    0.2183  |
|      5 |  18887 | 0.077041 | 0.081526 |    0.21829 |
+--------+--------+----------+----------+------------+
RMSD no longer decreasing

RMSDs by experiment:
+-------+--------+----------+----------+------------+
|   Exp |   Nref |   RMSD_X |   RMSD_Y |     RMSD_Z |
|    id |        |     (px) |     (px) |   (images) |
|-------+--------+----------+----------+------------|
|     0 |  18887 |  0.44792 |  0.47399 |    0.43659 |
+-------+--------+----------+----------+------------+

Refined crystal models:
model 1 (21765 reflections):
Crystal:
    Unit cell: 44.422(5), 53.173(6), 62.420(7), 115.1858(11), 101.7790(10), 90.0096(10)
    Space group: P 1
    U matrix:  {{-0.899697, -0.411231,  0.146405},
                {-0.293657,  0.818350,  0.494033},
                {-0.322972,  0.401488, -0.857028}}
    B matrix:  {{ 0.022511,  0.000000,  0.000000},
                { 0.000004,  0.018806,  0.000000},
                { 0.005214,  0.009079,  0.018172}}
    A = UB:    {{-0.019491, -0.006405,  0.002661},
                {-0.004031,  0.019875,  0.008978},
                {-0.011738, -0.000230, -0.015574}}
+------------+-------------+---------------+---------------+-------------+
|   Imageset |   # indexed |   # unindexed |   # unindexed |   % indexed |
|            |             |         total |       non-ice |             |
|------------+-------------+---------------+---------------+-------------|
|          0 |       21765 |           726 |           633 |        96.8 |
+------------+-------------+---------------+---------------+-------------+

Indexed crystal models:
model 1 (21765 reflections):
Crystal:
    Unit cell: 44.422(5), 53.173(6), 62.420(7), 115.1858(11), 101.7790(10), 90.0096(10)
    Space group: P 1
    U matrix:  {{-0.899697, -0.411231,  0.146405},
                {-0.293657,  0.818350,  0.494033},
                {-0.322972,  0.401488, -0.857028}}
    B matrix:  {{ 0.022511,  0.000000,  0.000000},
                { 0.000004,  0.018806,  0.000000},
                { 0.005214,  0.009079,  0.018172}}
    A = UB:    {{-0.019491, -0.006405,  0.002661},
                {-0.004031,  0.019875,  0.008978},
                {-0.011738, -0.000230, -0.015574}}
+------------+-------------+---------------+---------------+-------------+
|   Imageset |   # indexed |   # unindexed |   # unindexed |   % indexed |
|            |             |         total |       non-ice |             |
|------------+-------------+---------------+---------------+-------------|
|          0 |       21772 |           719 |           627 |        96.8 |
+------------+-------------+---------------+---------------+-------------+

################################################################################
Starting refinement (macro-cycle 4)
################################################################################


Summary statistics for 21710 observations matched to predictions:
+-------------------+--------+----------+-----------+---------+--------+
|                   |    Min |       Q1 |       Med |      Q3 |    Max |
|-------------------+--------+----------+-----------+---------+--------|
| Xc - Xo (mm)      | -0.796 | -0.04533 |  0.001171 | 0.04591 | 0.6648 |
| Yc - Yo (mm)      | -1.708 | -0.05117 | -0.001873 | 0.04449 |  3.221 |
| Phic - Phio (deg) |  -8.05 |  -0.1044 |   0.05058 |  0.1472 |  7.407 |
| X weights         |  224.2 |    360.1 |     383.4 |   397.1 |  405.6 |
| Y weights         |  199.2 |    349.1 |     376.3 |   394.1 |  405.6 |
| Phi weights       |  33.79 |    47.24 |     47.78 |      48 |     48 |
+-------------------+--------+----------+-----------+---------+--------+

Detecting centroid outliers using the Tukey algorithm
2844 reflections have been flagged as outliers
18866 reflections remain in the manager

Summary statistics for 18866 observations matched to predictions:
+-------------------+---------+----------+------------+---------+--------+
|                   |     Min |       Q1 |        Med |      Q3 |    Max |
|-------------------+---------+----------+------------+---------+--------|
| Xc - Xo (mm)      | -0.3283 | -0.04011 |   0.002532 | 0.04509 | 0.3081 |
| Yc - Yo (mm)      | -0.4047 | -0.04152 | -0.0004137 | 0.04038 | 0.4145 |
| Phic - Phio (deg) |  -0.931 | -0.07883 |    0.05394 |  0.1403 | 0.6102 |
| X weights         |   224.2 |    364.2 |      385.5 |   397.7 |  405.6 |
| Y weights         |   199.2 |    355.4 |      379.9 |   395.3 |  405.6 |
| Phi weights       |   38.65 |    47.26 |      47.75 |      48 |     48 |
+-------------------+---------+----------+------------+---------+--------+

There are 16 parameters to refine against 18866 reflections in 3 dimensions

Refinement steps:
+--------+--------+----------+----------+------------+
|   Step |   Nref |   RMSD_X |   RMSD_Y |   RMSD_Phi |
|        |        |     (mm) |     (mm) |      (deg) |
|--------+--------+----------+----------+------------|
|      0 |  18866 | 0.076822 | 0.081447 |    0.21765 |
|      1 |  18866 | 0.076758 | 0.081219 |    0.21832 |
|      2 |  18866 | 0.076694 | 0.081231 |    0.21839 |
|      3 |  18866 | 0.076656 | 0.081247 |    0.21843 |
|      4 |  18866 | 0.076644 | 0.081258 |    0.21842 |
|      5 |  18866 | 0.076643 | 0.081261 |    0.21842 |
+--------+--------+----------+----------+------------+
RMSD no longer decreasing

RMSDs by experiment:
+-------+--------+----------+----------+------------+
|   Exp |   Nref |   RMSD_X |   RMSD_Y |     RMSD_Z |
|    id |        |     (px) |     (px) |   (images) |
|-------+--------+----------+----------+------------|
|     0 |  18866 |   0.4456 |  0.47244 |    0.43684 |
+-------+--------+----------+----------+------------+

Refined crystal models:
model 1 (21765 reflections):
Crystal:
    Unit cell: 44.412(5), 53.160(6), 62.404(7), 115.1854(11), 101.7782(10), 90.0103(10)
    Space group: P 1
    U matrix:  {{-0.899714, -0.411202,  0.146384},
                {-0.293639,  0.818356,  0.494033},
                {-0.322941,  0.401505, -0.857031}}
    B matrix:  {{ 0.022516,  0.000000,  0.000000},
                { 0.000004,  0.018811,  0.000000},
                { 0.005215,  0.009081,  0.018177}}
    A = UB:    {{-0.019496, -0.006406,  0.002661},
                {-0.004032,  0.019881,  0.008980},
                {-0.011740, -0.000230, -0.015578}}
+------------+-------------+---------------+---------------+-------------+
|   Imageset |   # indexed |   # unindexed |   # unindexed |   % indexed |
|            |             |         total |       non-ice |             |
|------------+-------------+---------------+---------------+-------------|
|          0 |       21765 |           726 |           633 |        96.8 |
+------------+-------------+---------------+---------------+-------------+

Indexed crystal models:
model 1 (21766 reflections):
Crystal:
    Unit cell: 44.412(5), 53.160(6), 62.404(7), 115.1854(11), 101.7782(10), 90.0103(10)
    Space group: P 1
    U matrix:  {{-0.899714, -0.411202,  0.146384},
                {-0.293639,  0.818356,  0.494033},
                {-0.322941,  0.401505, -0.857031}}
    B matrix:  {{ 0.022516,  0.000000,  0.000000},
                { 0.000004,  0.018811,  0.000000},
                { 0.005215,  0.009081,  0.018177}}
    A = UB:    {{-0.019496, -0.006406,  0.002661},
                {-0.004032,  0.019881,  0.008980},
                {-0.011740, -0.000230, -0.015578}}
+------------+-------------+---------------+---------------+-------------+
|   Imageset |   # indexed |   # unindexed |   # unindexed |   % indexed |
|            |             |         total |       non-ice |             |
|------------+-------------+---------------+---------------+-------------|
|          0 |       21772 |           719 |           627 |        96.8 |
+------------+-------------+---------------+---------------+-------------+

################################################################################
Starting refinement (macro-cycle 5)
################################################################################


Summary statistics for 21711 observations matched to predictions:
+-------------------+---------+----------+-----------+---------+--------+
|                   |     Min |       Q1 |       Med |      Q3 |    Max |
|-------------------+---------+----------+-----------+---------+--------|
| Xc - Xo (mm)      | -0.7964 | -0.04492 |  0.001183 | 0.04616 | 0.6751 |
| Yc - Yo (mm)      |  -1.714 | -0.05117 | -0.001689 | 0.04504 |  3.184 |
| Phic - Phio (deg) |  -8.093 |  -0.1051 |   0.05072 |  0.1487 |  7.829 |
| X weights         |   224.2 |    360.1 |     383.4 |   397.1 |  405.6 |
| Y weights         |   199.2 |    349.1 |     376.3 |   394.1 |  405.6 |
| Phi weights       |   33.79 |    47.24 |     47.78 |      48 |     48 |
+-------------------+---------+----------+-----------+---------+--------+

Detecting centroid outliers using the Tukey algorithm
2845 reflections have been flagged as outliers
18866 reflections remain in the manager

Summary statistics for 18866 observations matched to predictions:
+-------------------+---------+----------+-----------+---------+--------+
|                   |     Min |       Q1 |       Med |      Q3 |    Max |
|-------------------+---------+----------+-----------+---------+--------|
| Xc - Xo (mm)      | -0.3277 | -0.04005 |  0.002476 | 0.04492 | 0.3065 |
| Yc - Yo (mm)      | -0.3999 | -0.04165 | -0.000127 | 0.04087 | 0.4131 |
| Phic - Phio (deg) | -0.9145 |    -0.08 |   0.05406 |  0.1408 | 0.6018 |
| X weights         |   224.2 |    364.2 |     385.4 |   397.7 |  405.6 |
| Y weights         |   199.2 |    355.4 |     379.9 |   395.3 |  405.6 |
| Phi weights       |   38.65 |    47.26 |     47.75 |      48 |     48 |
+-------------------+---------+----------+-----------+---------+--------+

There are 16 parameters to refine against 18866 reflections in 3 dimensions

Refinement steps:
+--------+--------+----------+----------+------------+
|   Step |   Nref |   RMSD_X |   RMSD_Y |   RMSD_Phi |
|        |        |     (mm) |     (mm) |      (deg) |
|--------+--------+----------+----------+------------|
|      0 |  18866 | 0.076637 | 0.08142  |    0.21756 |
|      1 |  18866 | 0.076617 | 0.081298 |    0.21792 |
|      2 |  18866 | 0.076597 | 0.081302 |    0.21795 |
|      3 |  18866 | 0.076585 | 0.081308 |    0.21797 |
|      4 |  18866 | 0.076581 | 0.081312 |    0.21797 |
+--------+--------+----------+----------+------------+
RMSD no longer decreasing

RMSDs by experiment:
+-------+--------+----------+----------+------------+
|   Exp |   Nref |   RMSD_X |   RMSD_Y |     RMSD_Z |
|    id |        |     (px) |     (px) |   (images) |
|-------+--------+----------+----------+------------|
|     0 |  18866 |  0.44524 |  0.47274 |    0.43594 |
+-------+--------+----------+----------+------------+

Refined crystal models:
model 1 (21766 reflections):
Crystal:
    Unit cell: 44.409(4), 53.155(5), 62.398(6), 115.1852(11), 101.7774(10), 90.0106(10)
    Space group: P 1
    U matrix:  {{-0.899719, -0.411192,  0.146377},
                {-0.293631,  0.818356,  0.494038},
                {-0.322933,  0.401515, -0.857030}}
    B matrix:  {{ 0.022518,  0.000000,  0.000000},
                { 0.000004,  0.018813,  0.000000},
                { 0.005215,  0.009082,  0.018178}}
    A = UB:    {{-0.019498, -0.006406,  0.002661},
                {-0.004032,  0.019882,  0.008981},
                {-0.011740, -0.000230, -0.015579}}
+------------+-------------+---------------+---------------+-------------+
|   Imageset |   # indexed |   # unindexed |   # unindexed |   % indexed |
|            |             |         total |       non-ice |             |
|------------+-------------+---------------+---------------+-------------|
|          0 |       21766 |           725 |           633 |        96.8 |
+------------+-------------+---------------+---------------+-------------+
Saving refined experiments to indexed.expt
Saving refined reflections to indexed.refl
