DIALS 3.dev.1386-g1a2d56924
The following parameters have been modified:

input {
  experiments = imported.expt
  reflections = strong.refl
}

Found max_cell: 198.9 Angstrom
Setting d_min: 3.88
FFT gridding: (256,256,256)
Number of centroids used: 13845
Candidate solutions:
+-----------------------------------+----------+----------------+------------+-------------+-------------------+-----------+-----------------+-----------------+
| unit_cell                         |   volume |   volume score |   #indexed |   % indexed |   % indexed score |   rmsd_xy |   rmsd_xy score |   overall score |
|-----------------------------------+----------+----------------+------------+-------------+-------------------+-----------+-----------------+-----------------|
| 57.79 57.90 150.21 90.3 90.4 90.2 |   502582 |           0.02 |      13764 |          99 |              0    |      0.05 |            0.05 |            0.07 |
| 57.90 57.93 150.42 89.9 89.8 89.9 |   504508 |           0.02 |      13764 |          99 |              0    |      0.05 |            0.05 |            0.07 |
| 57.87 58.03 150.29 89.9 89.8 90.0 |   504678 |           0.02 |      13764 |          99 |              0    |      0.05 |            0.06 |            0.09 |
| 57.62 58.35 150.08 89.8 89.9 90.0 |   504559 |           0.02 |      13728 |          99 |              0    |      0.05 |            0.06 |            0.09 |
| 57.79 57.90 150.22 90.2 90.1 90.2 |   502620 |           0.02 |      13763 |          99 |              0    |      0.05 |            0.08 |            0.1  |
| 57.62 57.94 149.89 90.3 90.0 90.0 |   500412 |           0.01 |      13709 |          99 |              0.01 |      0.05 |            0.08 |            0.1  |
| 57.62 58.46 150.17 89.7 89.8 89.6 |   505796 |           0.03 |      13760 |          99 |              0    |      0.05 |            0.08 |            0.11 |
| 57.62 57.79 149.89 89.6 90.0 89.6 |   499096 |           0.01 |      13744 |          99 |              0    |      0.05 |            0.1  |            0.11 |
| 57.62 58.35 149.89 89.8 90.0 90.0 |   503899 |           0.02 |      13471 |          97 |              0.03 |      0.05 |            0.07 |            0.13 |
| 57.87 58.03 149.81 90.0 90.4 90.0 |   503033 |           0.02 |      12773 |          92 |              0.11 |      0.05 |            0    |            0.13 |
| 57.62 57.79 150.24 89.9 89.8 89.6 |   500265 |           0.01 |      13754 |          99 |              0    |      0.06 |            0.13 |            0.14 |
| 57.62 57.94 150.15 90.1 90.0 90.0 |   501309 |           0.01 |      13767 |          99 |              0    |      0.06 |            0.13 |            0.15 |
| 57.62 57.92 150.46 89.9 89.6 89.8 |   502106 |           0.02 |      12836 |          92 |              0.1  |      0.05 |            0.03 |            0.15 |
| 57.62 58.46 150.13 89.5 90.0 89.6 |   505650 |           0.03 |      13133 |          94 |              0.07 |      0.05 |            0.06 |            0.16 |
| 57.62 57.92 149.89 89.7 90.0 89.8 |   500197 |           0.01 |      13732 |          99 |              0    |      0.06 |            0.15 |            0.17 |
| 57.62 57.94 150.46 90.1 90.4 90.0 |   502321 |           0.02 |      12918 |          93 |              0.09 |      0.05 |            0.07 |            0.18 |
| 57.62 58.46 150.46 89.9 89.6 89.6 |   506775 |           0.03 |      12864 |          93 |              0.1  |      0.05 |            0.07 |            0.2  |
| 57.62 57.79 150.46 89.9 89.6 89.6 |   501002 |           0.01 |      12630 |          91 |              0.12 |      0.05 |            0.06 |            0.2  |
| 57.48 57.62 149.89 90.0 89.5 89.6 |   496357 |           0    |      13711 |          99 |              0.01 |      0.06 |            0.2  |            0.21 |
| 57.79 57.90 149.76 90.0 90.5 90.2 |   501092 |           0.01 |      12701 |          91 |              0.12 |      0.05 |            0.09 |            0.22 |
| 57.76 57.98 150.28 90.4 90.3 90.1 |   503276 |           0.02 |      13763 |          99 |              0    |      0.06 |            0.2  |            0.22 |
| 57.86 57.98 150.25 90.4 90.3 90.1 |   504023 |           0.02 |      13756 |          99 |              0    |      0.06 |            0.2  |            0.22 |
| 57.95 58.46 150.17 89.7 89.7 89.5 |   508716 |           0.04 |      13759 |          99 |              0    |      0.06 |            0.19 |            0.23 |
| 57.86 57.98 150.18 90.2 90.3 90.1 |   503797 |           0.02 |      13764 |          99 |              0    |      0.06 |            0.21 |            0.23 |
| 57.62 58.35 150.46 90.0 90.4 90.0 |   505818 |           0.03 |      12889 |          93 |              0.1  |      0.06 |            0.11 |            0.23 |
| 57.48 57.62 150.30 90.0 89.7 89.6 |   497732 |           0    |      13762 |          99 |              0    |      0.06 |            0.23 |            0.23 |
| 57.76 58.03 150.33 90.3 90.3 90.2 |   503804 |           0.02 |      13766 |          99 |              0    |      0.06 |            0.22 |            0.25 |
| 57.95 58.46 149.80 90.3 90.0 90.5 |   507479 |           0.03 |      13346 |          96 |              0.04 |      0.06 |            0.17 |            0.25 |
| 57.48 57.62 150.34 89.8 89.9 89.6 |   497880 |           0.01 |      13361 |          96 |              0.04 |      0.06 |            0.21 |            0.26 |
| 57.62 58.46 149.89 89.7 90.0 89.6 |   504849 |           0.03 |      13551 |          97 |              0.02 |      0.06 |            0.24 |            0.29 |
| 57.86 57.98 149.79 90.5 90.0 90.1 |   502452 |           0.02 |      12702 |          91 |              0.12 |      0.06 |            0.17 |            0.3  |
| 57.81 57.91 150.21 90.2 90.3 90.2 |   502858 |           0.02 |      13763 |          99 |              0    |      0.06 |            0.34 |            0.36 |
| 57.95 58.46 150.29 90.0 90.2 90.5 |   509127 |           0.04 |      13767 |          99 |              0    |      0.06 |            0.32 |            0.36 |
| 57.81 57.91 150.20 90.4 90.3 90.2 |   502803 |           0.02 |      13701 |          99 |              0.01 |      0.06 |            0.33 |            0.36 |
| 57.81 57.91 149.76 90.5 90.1 90.2 |   501329 |           0.02 |      12642 |          91 |              0.12 |      0.06 |            0.26 |            0.39 |
| 57.48 57.62 150.46 89.6 89.8 89.6 |   498257 |           0.01 |      12294 |          88 |              0.16 |      0.06 |            0.28 |            0.45 |
| 57.74 58.46 150.26 90.5 90.4 90.3 |   507167 |           0.03 |      13292 |          96 |              0.05 |      0.07 |            0.51 |            0.6  |
| 57.23 57.62 150.46 89.6 89.7 89.4 |   496127 |           0    |      11523 |          83 |              0.26 |      0.07 |            0.35 |            0.61 |
| 57.91 58.14 149.94 90.5 90.4 90.5 |   504791 |           0.02 |      12664 |          91 |              0.12 |      0.08 |            0.61 |            0.75 |
| 57.91 58.14 149.63 90.5 90.2 90.5 |   503750 |           0.02 |      11399 |          82 |              0.27 |      0.08 |            0.67 |            0.96 |
| 57.67 58.46 150.17 90.3 90.4 90.6 |   506200 |           0.03 |      13445 |          97 |              0.03 |      0.11 |            1.03 |            1.1  |
| 58.39 58.46 150.17 89.7 89.8 88.6 |   512462 |           0.05 |      13643 |          98 |              0.01 |      0.12 |            1.21 |            1.27 |
| 58.39 58.46 149.86 89.9 89.8 88.6 |   511418 |           0.04 |      13245 |          95 |              0.06 |      0.12 |            1.23 |            1.33 |
| 57.67 58.46 150.12 90.8 90.5 90.6 |   505992 |           0.03 |      12065 |          87 |              0.19 |      0.12 |            1.22 |            1.44 |
| 57.67 58.46 149.72 90.7 90.2 90.6 |   504665 |           0.02 |      11264 |          81 |              0.29 |      0.11 |            1.14 |            1.46 |
| 57.69 58.46 150.17 90.3 90.3 91.0 |   506323 |           0.03 |      13108 |          94 |              0.07 |      0.15 |            1.52 |            1.62 |
| 57.67 58.46 149.96 90.8 90.2 90.6 |   505467 |           0.03 |      10529 |          76 |              0.39 |      0.12 |            1.25 |            1.67 |
| 58.39 58.46 150.42 89.3 89.8 88.6 |   513283 |           0.05 |      10690 |          77 |              0.36 |      0.16 |            1.59 |            2.01 |
| 57.69 58.46 150.21 91.1 90.4 91.0 |   506370 |           0.03 |      10376 |          75 |              0.41 |      0.18 |            1.79 |            2.23 |
| 57.69 58.46 149.76 90.8 90.1 91.0 |   504914 |           0.03 |      10127 |          73 |              0.44 |      0.18 |            1.77 |            2.23 |
+-----------------------------------+----------+----------------+------------+-------------+-------------------+-----------+-----------------+-----------------+
Using d_min_step 0.7

Indexed crystal models:
model 1 (13764 reflections):
Crystal:
    Unit cell: 57.789, 57.901, 150.208, 90.259, 90.354, 90.192
    Space group: P 1
    U matrix:  {{-0.260697,  0.345402,  0.901518},
                { 0.392053,  0.891219, -0.228084},
                {-0.882231,  0.293982, -0.367754}}
    B matrix:  {{ 0.017304,  0.000000,  0.000000},
                { 0.000058,  0.017271,  0.000000},
                { 0.000107,  0.000078,  0.006658}}
    A = UB:    {{-0.004395,  0.006036,  0.006002},
                { 0.006811,  0.015374, -0.001519},
                {-0.015289,  0.005048, -0.002448}}
+------------+-------------+---------------+---------------+-------------+
|   Imageset |   # indexed |   # unindexed |   # unindexed |   % indexed |
|            |             |         total |       non-ice |             |
|------------+-------------+---------------+---------------+-------------|
|          0 |       13764 |           136 |            72 |          99 |
+------------+-------------+---------------+---------------+-------------+

################################################################################
Starting refinement (macro-cycle 1)
################################################################################


Summary statistics for 13655 observations matched to predictions:
+-------------------+---------+---------+---------+----------+--------+
|                   |     Min |      Q1 |     Med |       Q3 |    Max |
|-------------------+---------+---------+---------+----------+--------|
| Xc - Xo (mm)      | -0.6743 | -0.3104 | -0.2323 |  -0.1515 |  0.465 |
| Yc - Yo (mm)      | -0.5408 | -0.2071 | -0.1388 | -0.07717 | 0.9103 |
| Phic - Phio (deg) |   -1.17 | -0.2067 |  -0.168 | -0.08283 |  1.253 |
| X weights         |   249.6 |     401 |   403.8 |    404.9 |  405.6 |
| Y weights         |   251.6 |   401.7 |   404.1 |      405 |  405.6 |
| Phi weights       |   348.2 |   528.5 |   531.2 |    532.4 |  533.3 |
+-------------------+---------+---------+---------+----------+--------+

Detecting centroid outliers using the Tukey algorithm
839 reflections have been flagged as outliers
12816 reflections remain in the manager

Summary statistics for 12816 observations matched to predictions:
+-------------------+---------+---------+---------+----------+--------+
|                   |     Min |      Q1 |     Med |       Q3 |    Max |
|-------------------+---------+---------+---------+----------+--------|
| Xc - Xo (mm)      | -0.6743 | -0.3128 | -0.2337 |  -0.1562 | 0.1902 |
| Yc - Yo (mm)      |  -0.464 | -0.2068 | -0.1394 | -0.07643 | 0.2245 |
| Phic - Phio (deg) | -0.3333 | -0.2053 | -0.1686 | -0.08524 | 0.2063 |
| X weights         |   251.6 |   400.9 |   403.8 |    404.8 |  405.6 |
| Y weights         |   251.6 |   401.6 |     404 |      405 |  405.6 |
| Phi weights       |   348.2 |   528.7 |   531.3 |    532.4 |  533.3 |
+-------------------+---------+---------+---------+----------+--------+

There are 16 parameters to refine against 8100 reflections in 3 dimensions

Refinement steps:
+--------+--------+----------+----------+------------+
|   Step |   Nref |   RMSD_X |   RMSD_Y |   RMSD_Phi |
|        |        |     (mm) |     (mm) |      (deg) |
|--------+--------+----------+----------+------------|
|      0 |   8100 | 0.26472  | 0.16679  |   0.1664   |
|      1 |   8100 | 0.038372 | 0.045133 |   0.070417 |
|      2 |   8100 | 0.036105 | 0.041338 |   0.039519 |
|      3 |   8100 | 0.034935 | 0.039484 |   0.027488 |
|      4 |   8100 | 0.034192 | 0.037616 |   0.023576 |
|      5 |   8100 | 0.033248 | 0.035346 |   0.021239 |
|      6 |   8100 | 0.03194  | 0.032885 |   0.020578 |
|      7 |   8100 | 0.031066 | 0.031361 |   0.020408 |
|      8 |   8100 | 0.030911 | 0.031082 |   0.020353 |
|      9 |   8100 | 0.030905 | 0.031079 |   0.020341 |
|     10 |   8100 | 0.030904 | 0.031081 |   0.02034  |
+--------+--------+----------+----------+------------+
RMSD no longer decreasing

RMSDs by experiment:
+-------+--------+----------+----------+------------+
|   Exp |   Nref |   RMSD_X |   RMSD_Y |     RMSD_Z |
|    id |        |     (px) |     (px) |   (images) |
|-------+--------+----------+----------+------------|
|     0 |   8100 |  0.17967 |   0.1807 |     0.1356 |
+-------+--------+----------+----------+------------+

Refined crystal models:
model 1 (13764 reflections):
Crystal:
    Unit cell: 57.790(2), 57.819(2), 150.057(5), 90.0124(12), 89.9894(14), 89.9876(9)
    Space group: P 1
    U matrix:  {{-0.258916,  0.345663,  0.901931},
                { 0.391139,  0.891307, -0.229308},
                {-0.883161,  0.293409, -0.365976}}
    B matrix:  {{ 0.017304,  0.000000,  0.000000},
                {-0.000004,  0.017295,  0.000000},
                {-0.000003,  0.000004,  0.006664}}
    A = UB:    {{-0.004484,  0.005982,  0.006011},
                { 0.006766,  0.015415, -0.001528},
                {-0.015282,  0.005073, -0.002439}}
+------------+-------------+---------------+---------------+-------------+
|   Imageset |   # indexed |   # unindexed |   # unindexed |   % indexed |
|            |             |         total |       non-ice |             |
|------------+-------------+---------------+---------------+-------------|
|          0 |       13764 |           136 |            72 |          99 |
+------------+-------------+---------------+---------------+-------------+
Increasing resolution to 3.22 Angstrom

Indexed crystal models:
model 1 (24371 reflections):
Crystal:
    Unit cell: 57.790(2), 57.819(2), 150.057(5), 90.0124(12), 89.9894(14), 89.9876(9)
    Space group: P 1
    U matrix:  {{-0.258916,  0.345663,  0.901931},
                { 0.391139,  0.891307, -0.229308},
                {-0.883161,  0.293409, -0.365976}}
    B matrix:  {{ 0.017304,  0.000000,  0.000000},
                {-0.000004,  0.017295,  0.000000},
                {-0.000003,  0.000004,  0.006664}}
    A = UB:    {{-0.004484,  0.005982,  0.006011},
                { 0.006766,  0.015415, -0.001528},
                {-0.015282,  0.005073, -0.002439}}
+------------+-------------+---------------+---------------+-------------+
|   Imageset |   # indexed |   # unindexed |   # unindexed |   % indexed |
|            |             |         total |       non-ice |             |
|------------+-------------+---------------+---------------+-------------|
|          0 |       24403 |           267 |            71 |        98.9 |
+------------+-------------+---------------+---------------+-------------+

################################################################################
Starting refinement (macro-cycle 2)
################################################################################


Summary statistics for 24229 observations matched to predictions:
+-------------------+---------+----------+-----------+---------+--------+
|                   |     Min |       Q1 |       Med |      Q3 |    Max |
|-------------------+---------+----------+-----------+---------+--------|
| Xc - Xo (mm)      | -0.2302 | -0.02752 | -0.005131 | 0.02954 | 0.3514 |
| Yc - Yo (mm)      | -0.7058 | -0.01737 |  0.002442 | 0.02214 |  0.356 |
| Phic - Phio (deg) |  -1.055 | -0.01049 | -0.000372 | 0.01005 |  1.823 |
| X weights         |   249.6 |    399.9 |     403.4 |   404.7 |  405.6 |
| Y weights         |   251.6 |    400.1 |     403.5 |   404.7 |  405.6 |
| Phi weights       |   393.3 |    528.4 |     531.2 |   532.4 |  533.3 |
+-------------------+---------+----------+-----------+---------+--------+

Detecting centroid outliers using the Tukey algorithm
1100 reflections have been flagged as outliers
23129 reflections remain in the manager

Summary statistics for 23129 observations matched to predictions:
+-------------------+----------+----------+------------+----------+---------+
|                   |      Min |       Q1 |        Med |       Q3 |     Max |
|-------------------+----------+----------+------------+----------+---------|
| Xc - Xo (mm)      |  -0.1158 |  -0.0267 |  -0.004639 |  0.02972 |  0.1109 |
| Yc - Yo (mm)      | -0.08411 | -0.01677 |   0.002369 |  0.02146 | 0.08652 |
| Phic - Phio (deg) | -0.06745 | -0.01015 | -0.0003416 | 0.009862 | 0.05919 |
| X weights         |    251.6 |    400.2 |      403.5 |    404.7 |   405.6 |
| Y weights         |    251.6 |    400.3 |      403.5 |    404.7 |   405.6 |
| Phi weights       |    393.3 |    528.4 |      531.2 |    532.4 |   533.3 |
+-------------------+----------+----------+------------+----------+---------+

There are 16 parameters to refine against 8100 reflections in 3 dimensions

Refinement steps:
+--------+--------+----------+----------+------------+
|   Step |   Nref |   RMSD_X |   RMSD_Y |   RMSD_Phi |
|        |        |     (mm) |     (mm) |      (deg) |
|--------+--------+----------+----------+------------|
|      0 |   8100 | 0.035793 | 0.029877 |   0.014762 |
|      1 |   8100 | 0.034266 | 0.029426 |   0.014529 |
|      2 |   8100 | 0.034227 | 0.029283 |   0.014419 |
|      3 |   8100 | 0.03418  | 0.02909  |   0.014316 |
|      4 |   8100 | 0.034112 | 0.028941 |   0.014136 |
|      5 |   8100 | 0.034004 | 0.028839 |   0.014006 |
|      6 |   8100 | 0.033907 | 0.028767 |   0.013988 |
|      7 |   8100 | 0.033872 | 0.028719 |   0.013985 |
|      8 |   8100 | 0.033872 | 0.028703 |   0.013984 |
|      9 |   8100 | 0.033874 | 0.0287   |   0.013984 |
+--------+--------+----------+----------+------------+
RMSD no longer decreasing

RMSDs by experiment:
+-------+--------+----------+----------+------------+
|   Exp |   Nref |   RMSD_X |   RMSD_Y |     RMSD_Z |
|    id |        |     (px) |     (px) |   (images) |
|-------+--------+----------+----------+------------|
|     0 |   8100 |  0.19694 |  0.16686 |   0.093224 |
+-------+--------+----------+----------+------------+

Refined crystal models:
model 1 (24371 reflections):
Crystal:
    Unit cell: 57.7749(18), 57.8048(17), 150.029(4), 90.0103(9), 89.9870(11), 89.9891(8)
    Space group: P 1
    U matrix:  {{-0.258885,  0.345573,  0.901974},
                { 0.391098,  0.891341, -0.229246},
                {-0.883188,  0.293412, -0.365908}}
    B matrix:  {{ 0.017309,  0.000000,  0.000000},
                {-0.000003,  0.017300,  0.000000},
                {-0.000004,  0.000003,  0.006665}}
    A = UB:    {{-0.004486,  0.005981,  0.006012},
                { 0.006767,  0.015419, -0.001528},
                {-0.015286,  0.005075, -0.002439}}
+------------+-------------+---------------+---------------+-------------+
|   Imageset |   # indexed |   # unindexed |   # unindexed |   % indexed |
|            |             |         total |       non-ice |             |
|------------+-------------+---------------+---------------+-------------|
|          0 |       24371 |           299 |            98 |        98.8 |
+------------+-------------+---------------+---------------+-------------+
Increasing resolution to 2.56 Angstrom

Indexed crystal models:
model 1 (46284 reflections):
Crystal:
    Unit cell: 57.7749(18), 57.8048(17), 150.029(4), 90.0103(9), 89.9870(11), 89.9891(8)
    Space group: P 1
    U matrix:  {{-0.258885,  0.345573,  0.901974},
                { 0.391098,  0.891341, -0.229246},
                {-0.883188,  0.293412, -0.365908}}
    B matrix:  {{ 0.017309,  0.000000,  0.000000},
                {-0.000003,  0.017300,  0.000000},
                {-0.000004,  0.000003,  0.006665}}
    A = UB:    {{-0.004486,  0.005981,  0.006012},
                { 0.006767,  0.015419, -0.001528},
                {-0.015286,  0.005075, -0.002439}}
+------------+-------------+---------------+---------------+-------------+
|   Imageset |   # indexed |   # unindexed |   # unindexed |   % indexed |
|            |             |         total |       non-ice |             |
|------------+-------------+---------------+---------------+-------------|
|          0 |       46284 |           403 |           164 |        99.1 |
+------------+-------------+---------------+---------------+-------------+

################################################################################
Starting refinement (macro-cycle 3)
################################################################################


Summary statistics for 46119 observations matched to predictions:
+-------------------+---------+----------+----------+---------+--------+
|                   |     Min |       Q1 |      Med |      Q3 |    Max |
|-------------------+---------+----------+----------+---------+--------|
| Xc - Xo (mm)      | -0.2485 |  -0.0224 |  0.01166 | 0.03571 | 0.3639 |
| Yc - Yo (mm)      | -0.7026 | -0.01504 | 0.003213 | 0.02283 | 0.3709 |
| Phic - Phio (deg) |  -1.052 |  -0.0107 |  -0.0004 | 0.01031 |  1.883 |
| X weights         |   231.8 |    394.6 |    401.3 |     404 |  405.6 |
| Y weights         |   190.6 |    393.2 |      401 |     404 |  405.6 |
| Phi weights       |   393.3 |    526.5 |    530.6 |   532.6 |  533.3 |
+-------------------+---------+----------+----------+---------+--------+

Detecting centroid outliers using the Tukey algorithm
2600 reflections have been flagged as outliers
43519 reflections remain in the manager

Summary statistics for 43519 observations matched to predictions:
+-------------------+----------+----------+------------+----------+---------+
|                   |      Min |       Q1 |        Med |       Q3 |     Max |
|-------------------+----------+----------+------------+----------+---------|
| Xc - Xo (mm)      |  -0.1118 | -0.02246 |    0.01155 |  0.03504 |  0.1241 |
| Yc - Yo (mm)      |  -0.0782 | -0.01409 |   0.003509 |  0.02262 | 0.08295 |
| Phic - Phio (deg) | -0.05911 | -0.01022 | -0.0003606 | 0.009922 |  0.0543 |
| X weights         |    251.6 |    395.7 |      401.6 |      404 |   405.6 |
| Y weights         |    241.2 |    394.2 |      401.2 |      404 |   405.6 |
| Phi weights       |    393.3 |    526.5 |      530.5 |    532.4 |   533.3 |
+-------------------+----------+----------+------------+----------+---------+

There are 16 parameters to refine against 8100 reflections in 3 dimensions

Refinement steps:
+--------+--------+----------+----------+------------+
|   Step |   Nref |   RMSD_X |   RMSD_Y |   RMSD_Phi |
|        |        |     (mm) |     (mm) |      (deg) |
|--------+--------+----------+----------+------------|
|      0 |   8100 | 0.04136  | 0.027425 |   0.014949 |
|      1 |   8100 | 0.038386 | 0.02708  |   0.015272 |
|      2 |   8100 | 0.038363 | 0.027047 |   0.015226 |
|      3 |   8100 | 0.038334 | 0.027005 |   0.015169 |
|      4 |   8100 | 0.038306 | 0.026965 |   0.015134 |
|      5 |   8100 | 0.038263 | 0.026908 |   0.015131 |
|      6 |   8100 | 0.038191 | 0.026855 |   0.015143 |
|      7 |   8100 | 0.038122 | 0.026855 |   0.015163 |
|      8 |   8100 | 0.038092 | 0.026875 |   0.015175 |
|      9 |   8100 | 0.038086 | 0.026881 |   0.015178 |
|     10 |   8100 | 0.038086 | 0.026881 |   0.015178 |
+--------+--------+----------+----------+------------+
RMSD no longer decreasing

RMSDs by experiment:
+-------+--------+----------+----------+------------+
|   Exp |   Nref |   RMSD_X |   RMSD_Y |     RMSD_Z |
|    id |        |     (px) |     (px) |   (images) |
|-------+--------+----------+----------+------------|
|     0 |   8100 |  0.22143 |  0.15628 |    0.10119 |
+-------+--------+----------+----------+------------+

Refined crystal models:
model 1 (46284 reflections):
Crystal:
    Unit cell: 57.7813(16), 57.8170(15), 150.031(3), 90.0018(8), 89.9795(9), 89.9877(8)
    Space group: P 1
    U matrix:  {{-0.258750,  0.345603,  0.902002},
                { 0.391088,  0.891325, -0.229324},
                {-0.883232,  0.293425, -0.365792}}
    B matrix:  {{ 0.017307,  0.000000,  0.000000},
                {-0.000004,  0.017296,  0.000000},
                {-0.000006,  0.000001,  0.006665}}
    A = UB:    {{-0.004485,  0.005978,  0.006012},
                { 0.006767,  0.015416, -0.001529},
                {-0.015285,  0.005075, -0.002438}}
+------------+-------------+---------------+---------------+-------------+
|   Imageset |   # indexed |   # unindexed |   # unindexed |   % indexed |
|            |             |         total |       non-ice |             |
|------------+-------------+---------------+---------------+-------------|
|          0 |       46284 |           403 |           164 |        99.1 |
+------------+-------------+---------------+---------------+-------------+
Increasing resolution to 1.90 Angstrom

Indexed crystal models:
model 1 (99294 reflections):
Crystal:
    Unit cell: 57.7813(16), 57.8170(15), 150.031(3), 90.0018(8), 89.9795(9), 89.9877(8)
    Space group: P 1
    U matrix:  {{-0.258750,  0.345603,  0.902002},
                { 0.391088,  0.891325, -0.229324},
                {-0.883232,  0.293425, -0.365792}}
    B matrix:  {{ 0.017307,  0.000000,  0.000000},
                {-0.000004,  0.017296,  0.000000},
                {-0.000006,  0.000001,  0.006665}}
    A = UB:    {{-0.004485,  0.005978,  0.006012},
                { 0.006767,  0.015416, -0.001529},
                {-0.015285,  0.005075, -0.002438}}
+------------+-------------+---------------+---------------+-------------+
|   Imageset |   # indexed |   # unindexed |   # unindexed |   % indexed |
|            |             |         total |       non-ice |             |
|------------+-------------+---------------+---------------+-------------|
|          0 |       99297 |           918 |           342 |        99.1 |
+------------+-------------+---------------+---------------+-------------+

################################################################################
Starting refinement (macro-cycle 4)
################################################################################


Summary statistics for 99085 observations matched to predictions:
+-------------------+---------+----------+------------+---------+-------+
|                   |     Min |       Q1 |        Med |      Q3 |   Max |
|-------------------+---------+----------+------------+---------+-------|
| Xc - Xo (mm)      | -0.5196 | -0.03096 |   0.002057 |  0.0328 | 1.019 |
| Yc - Yo (mm)      |  -1.384 | -0.02192 |   0.001676 | 0.02472 | 1.365 |
| Phic - Phio (deg) |  -1.489 | -0.01366 | -0.0005736 | 0.01298 |  1.87 |
| X weights         |   143.8 |    377.4 |      393.7 |   401.7 | 405.6 |
| Y weights         |   190.6 |    368.3 |      390.4 |   401.1 | 405.6 |
| Phi weights       |   308.8 |    524.1 |      531.1 |   533.3 | 533.3 |
+-------------------+---------+----------+------------+---------+-------+

Detecting centroid outliers using the Tukey algorithm
9445 reflections have been flagged as outliers
89640 reflections remain in the manager

Summary statistics for 89640 observations matched to predictions:
+-------------------+----------+----------+------------+---------+---------+
|                   |      Min |       Q1 |        Med |      Q3 |     Max |
|-------------------+----------+----------+------------+---------+---------|
| Xc - Xo (mm)      |  -0.1271 | -0.02908 |   0.003749 | 0.03286 |    0.13 |
| Yc - Yo (mm)      | -0.09745 | -0.01935 |   0.002397 | 0.02421 | 0.09724 |
| Phic - Phio (deg) |  -0.0699 | -0.01244 | -0.0003694 | 0.01225 | 0.06518 |
| X weights         |    143.8 |    381.2 |      395.1 |     402 |   405.6 |
| Y weights         |    210.9 |      374 |      392.5 |   401.6 |   405.6 |
| Phi weights       |    393.3 |    523.9 |      530.7 |   533.3 |   533.3 |
+-------------------+----------+----------+------------+---------+---------+

There are 16 parameters to refine against 8100 reflections in 3 dimensions

Refinement steps:
+--------+--------+----------+----------+------------+
|   Step |   Nref |   RMSD_X |   RMSD_Y |   RMSD_Phi |
|        |        |     (mm) |     (mm) |      (deg) |
|--------+--------+----------+----------+------------|
|      0 |   8100 | 0.042871 | 0.034548 |   0.019613 |
|      1 |   8100 | 0.041518 | 0.034183 |   0.019636 |
|      2 |   8100 | 0.04149  | 0.034091 |   0.019603 |
|      3 |   8100 | 0.041447 | 0.033894 |   0.019576 |
|      4 |   8100 | 0.041391 | 0.033552 |   0.019547 |
|      5 |   8100 | 0.041393 | 0.033101 |   0.019512 |
|      6 |   8100 | 0.041481 | 0.032717 |   0.019486 |
|      7 |   8100 | 0.041559 | 0.032516 |   0.019477 |
|      8 |   8100 | 0.041589 | 0.032463 |   0.019477 |
|      9 |   8100 | 0.041593 | 0.032457 |   0.019477 |
|     10 |   8100 | 0.041594 | 0.032456 |   0.019477 |
+--------+--------+----------+----------+------------+
RMSD no longer decreasing

RMSDs by experiment:
+-------+--------+----------+----------+------------+
|   Exp |   Nref |   RMSD_X |   RMSD_Y |     RMSD_Z |
|    id |        |     (px) |     (px) |   (images) |
|-------+--------+----------+----------+------------|
|     0 |   8100 |  0.24182 |   0.1887 |    0.12985 |
+-------+--------+----------+----------+------------+

Refined crystal models:
model 1 (99294 reflections):
Crystal:
    Unit cell: 57.7817(14), 57.8140(13), 150.036(3), 90.0072(6), 89.9833(7), 89.9870(8)
    Space group: P 1
    U matrix:  {{-0.258777,  0.345562,  0.902009},
                { 0.391103,  0.891333, -0.229269},
                {-0.883217,  0.293449, -0.365807}}
    B matrix:  {{ 0.017307,  0.000000,  0.000000},
                {-0.000004,  0.017297,  0.000000},
                {-0.000005,  0.000002,  0.006665}}
    A = UB:    {{-0.004484,  0.005979,  0.006012},
                { 0.006766,  0.015417, -0.001528},
                {-0.015285,  0.005075, -0.002438}}
+------------+-------------+---------------+---------------+-------------+
|   Imageset |   # indexed |   # unindexed |   # unindexed |   % indexed |
|            |             |         total |       non-ice |             |
|------------+-------------+---------------+---------------+-------------|
|          0 |       99294 |           921 |           342 |        99.1 |
+------------+-------------+---------------+---------------+-------------+
Increasing resolution to 1.24 Angstrom

Indexed crystal models:
model 1 (129914 reflections):
Crystal:
    Unit cell: 57.7817(14), 57.8140(13), 150.036(3), 90.0072(6), 89.9833(7), 89.9870(8)
    Space group: P 1
    U matrix:  {{-0.258777,  0.345562,  0.902009},
                { 0.391103,  0.891333, -0.229269},
                {-0.883217,  0.293449, -0.365807}}
    B matrix:  {{ 0.017307,  0.000000,  0.000000},
                {-0.000004,  0.017297,  0.000000},
                {-0.000005,  0.000002,  0.006665}}
    A = UB:    {{-0.004484,  0.005979,  0.006012},
                { 0.006766,  0.015417, -0.001528},
                {-0.015285,  0.005075, -0.002438}}
+------------+-------------+---------------+---------------+-------------+
|   Imageset |   # indexed |   # unindexed |   # unindexed |   % indexed |
|            |             |         total |       non-ice |             |
|------------+-------------+---------------+---------------+-------------|
|          0 |      129938 |          1470 |           757 |        98.9 |
+------------+-------------+---------------+---------------+-------------+

################################################################################
Starting refinement (macro-cycle 5)
################################################################################


Summary statistics for 129673 observations matched to predictions:
+-------------------+--------+----------+------------+---------+-------+
|                   |    Min |       Q1 |        Med |      Q3 |   Max |
|-------------------+--------+----------+------------+---------+-------|
| Xc - Xo (mm)      | -1.159 | -0.03553 |  -0.006463 |  0.0291 | 1.346 |
| Yc - Yo (mm)      | -1.396 | -0.03322 |  -0.003793 | 0.02024 | 1.387 |
| Phic - Phio (deg) | -1.499 | -0.01583 | -0.0009022 | 0.01429 | 1.901 |
| X weights         |  135.2 |    359.5 |        387 |     400 | 405.6 |
| Y weights         |  143.8 |    345.8 |        381 |   398.7 | 405.6 |
| Phi weights       |  308.8 |    524.6 |      532.4 |   533.3 | 533.3 |
+-------------------+--------+----------+------------+---------+-------+

Detecting centroid outliers using the Tukey algorithm
14712 reflections have been flagged as outliers
114961 reflections remain in the manager

Summary statistics for 114961 observations matched to predictions:
+-------------------+----------+----------+------------+---------+---------+
|                   |      Min |       Q1 |        Med |      Q3 |     Max |
|-------------------+----------+----------+------------+---------+---------|
| Xc - Xo (mm)      |  -0.1351 | -0.03327 |  -0.004607 | 0.02905 |  0.1306 |
| Yc - Yo (mm)      |  -0.1179 | -0.02671 |  -0.001434 | 0.02076 |  0.1044 |
| Phic - Phio (deg) | -0.07574 | -0.01417 | -0.0007002 | 0.01323 | 0.07066 |
| X weights         |    143.8 |    367.1 |      390.1 |   400.7 |   405.6 |
| Y weights         |    171.4 |    355.7 |      385.4 |   399.8 |   405.6 |
| Phi weights       |    382.7 |    524.1 |      531.7 |   533.3 |   533.3 |
+-------------------+----------+----------+------------+---------+---------+

There are 16 parameters to refine against 8100 reflections in 3 dimensions

Refinement steps:
+--------+--------+----------+----------+------------+
|   Step |   Nref |   RMSD_X |   RMSD_Y |   RMSD_Phi |
|        |        |     (mm) |     (mm) |      (deg) |
|--------+--------+----------+----------+------------|
|      0 |   8100 | 0.044439 | 0.038205 |   0.022616 |
|      1 |   8100 | 0.044173 | 0.037886 |   0.022593 |
|      2 |   8100 | 0.044142 | 0.037772 |   0.022581 |
|      3 |   8100 | 0.044081 | 0.037585 |   0.022576 |
|      4 |   8100 | 0.043982 | 0.037336 |   0.02258  |
|      5 |   8100 | 0.043894 | 0.037076 |   0.022587 |
|      6 |   8100 | 0.043858 | 0.03688  |   0.022597 |
|      7 |   8100 | 0.043857 | 0.036774 |   0.022609 |
|      8 |   8100 | 0.043862 | 0.036746 |   0.022617 |
|      9 |   8100 | 0.043864 | 0.036743 |   0.022618 |
+--------+--------+----------+----------+------------+
RMSD no longer decreasing

RMSDs by experiment:
+-------+--------+----------+----------+------------+
|   Exp |   Nref |   RMSD_X |   RMSD_Y |     RMSD_Z |
|    id |        |     (px) |     (px) |   (images) |
|-------+--------+----------+----------+------------|
|     0 |   8100 |  0.25502 |  0.21362 |    0.15079 |
+-------+--------+----------+----------+------------+

Refined crystal models:
model 1 (129914 reflections):
Crystal:
    Unit cell: 57.7823(12), 57.8106(11), 150.034(2), 90.0107(6), 89.9889(7), 89.9888(7)
    Space group: P 1
    U matrix:  {{-0.258848,  0.345513,  0.902008},
                { 0.391093,  0.891355, -0.229201},
                {-0.883201,  0.293441, -0.365853}}
    B matrix:  {{ 0.017306,  0.000000,  0.000000},
                {-0.000003,  0.017298,  0.000000},
                {-0.000003,  0.000003,  0.006665}}
    A = UB:    {{-0.004484,  0.005980,  0.006012},
                { 0.006766,  0.015418, -0.001528},
                {-0.015285,  0.005075, -0.002438}}
+------------+-------------+---------------+---------------+-------------+
|   Imageset |   # indexed |   # unindexed |   # unindexed |   % indexed |
|            |             |         total |       non-ice |             |
|------------+-------------+---------------+---------------+-------------|
|          0 |      129914 |          1494 |           776 |        98.9 |
+------------+-------------+---------------+---------------+-------------+
Saving refined experiments to indexed.expt
Saving refined reflections to indexed.refl
